3.0	1.0	20.0	0.01	6.0
0.9999999999999998	0.9999999999999992	0.9999999999999996	1.0000000000000004	0.9999999999999996	1.0000000000000004	0.9999999999999999	0.9999999999999997	1.0000000000000027	1.0000000000000029	1.0000000000000022	1.0000000000000018	1.000000000000002	1.000000000000001	1.0000000000000027	1.0000000000000018	1.0000000000000027	0.9999999999999998	1.0000000000000013	1.0000000000000013
0.0	0.0	0.0	0.0	0.0	0.0	0.0	0.0	0.0	0.0	0.0	0.0	0.0	0.0	0.0	0.0	0.0	0.0	0.0	0.0
0.9999999999999998	1.000000000000004	1.0000000000000067	1.0000000000000095	1.0000000000000113	1.0000000000000135	1.000000000000016	1.0000000000000195	1.0000000000000213	1.0000000000000235	1.0000000000000249	1.0000000000000278	1.0000000000000298	1.0000000000000318	1.0000000000000344	1.0000000000000413	1.0000000000000429	1.0000000000000466	1.0000000000000493	1.0000000000000504
0.0	-6.938893903907201e-17	-5.551115123125746e-17	0.0	-8.32667268468858e-17	2.7755575615628538e-17	8.326672684688541e-17	1.2490009027032767e-16	5.898059818321018e-17	-1.387778780781413e-17	-4.1633363423442335e-17	-8.326672684688444e-17	5.5511151231256175e-17	-8.32667268468841e-17	-2.7755575615627958e-17	5.5511151231255534e-17	2.7755575615627724e-17	-1.387778780781381e-17	-6.938893903906886e-18	-4.1633363423441275e-17
0.9999999999999998	1.000000000000002	1.000000000000004	1.0000000000000062	1.0000000000000084	1.0000000000000102	1.000000000000014	1.0000000000000147	1.0000000000000164	1.0000000000000189	1.000000000000018	1.0000000000000204	1.0000000000000209	1.000000000000021	1.0000000000000253	1.0000000000000246	1.000000000000028	1.0000000000000289	1.0000000000000302	1.0000000000000306
0.0	-5.5511151231257716e-17	-1.1102230246251521e-16	1.1102230246251496e-16	1.0408340855860755e-17	5.551115123125726e-17	0.0	-2.081668171172138e-17	-1.1102230246251383e-16	-1.144917494144671e-16	-8.326672684688525e-17	-8.326672684688504e-17	-5.551115123125667e-17	0.0	-2.775557561562821e-17	5.551115123125646e-17	-1.1102230246251255e-16	1.1102230246251245e-16	-1.3877787807814038e-17	-9.714451465469823e-17
0.9999999999999998	0.9999999999999996	1.0	0.9999999999999997	0.9999999999999988	0.999999999999999	0.9999999999999986	0.9999999999999973	0.9999999999999969	0.9999999999999942	0.9999999999999938	0.9999999999999926	0.9999999999999922	0.9999999999999933	0.9999999999999926	0.9999999999999898	0.99999999999999	0.9999999999999876	0.9999999999999881	0.999999999999986
0.0	0.0	-2.7755575615628914e-17	5.551115123125785e-17	5.55111512312579e-17	-2.7755575615628944e-17	5.2041704279304287e-17	-8.326672684688696e-17	-5.5511151231258e-17	2.7755575615629074e-17	-6.938893903907272e-18	-8.326672684688736e-17	-5.551115123125826e-17	-2.77555756156291e-17	-6.93889390390728e-18	5.55111512312584e-17	1.8041124150158974e-16	-5.551115123125852e-17	-1.1102230246251699e-16	0.0
0.9999999999999998	0.9999999999999982	0.9999999999999993	0.9999999999999948	0.9999999999999951	0.9999999999999926	0.9999999999999916	0.999999999999991	0.999999999999989	0.9999999999999852	0.9999999999999827	0.9999999999999801	0.9999999999999789	0.9999999999999777	0.9999999999999759	0.9999999999999766	0.9999999999999742	0.9999999999999728	0.9999999999999734	0.9999999999999717
0.0	5.551115123125793e-17	0.0	0.0	2.775557561562905e-17	6.93889390390728e-17	5.55111512312583e-17	-5.551115123125833e-17	0.0	2.498001805406639e-16	5.551115123125879e-17	-5.551115123125894e-17	-5.5511151231259e-17	2.7755575615629536e-17	2.7755575615629585e-17	1.3877787807814783e-17	0.0	0.0	-2.775557561562965e-17	-2.77555756156297e-17
0.9999999999999998	1.0000000000000044	1.0000000000000047	1.0000000000000087	1.00000000000001	1.0000000000000109	1.000000000000014	1.0000000000000122	1.0000000000000149	1.000000000000018	1.0000000000000167	1.000000000000021	1.00000000000002	1.000000000000024	1.000000000000028	1.0000000000000273	1.0000000000000306	1.0000000000000318	1.000000000000034	1.0000000000000357
0.0	0.0	-1.3877787807814392e-17	8.326672684688603e-17	0.0	2.775557561562861e-17	6.938893903907131e-18	-8.326672684688573e-17	-8.326672684688551e-17	0.0	1.3183898417423515e-16	-5.5511151231256656e-17	0.0	0.0	-3.469446951953517e-18	0.0	-5.5511151231256126e-17	1.3877787807814016e-17	5.551115123125594e-17	2.775557561562792e-17
