10.0	20.0	20.0	0.05	6.0
0.9999999999999984	0.9734457938784831	0.8970995079831035	0.7803420375759638	0.6370297789567719	0.48320438673521654	0.3345540716009808	0.20411210426946902	0.10060654227665922	0.0277187697679197	0.015693977741418667	0.03455755261458874	0.03602062881821109	0.027750280659746024	0.016444956180153583	0.006834418925492704	0.0012942716297534799	4.872933837163659e-5	0.0018068163827121152	0.004601797490519181
0.0	1.7189595774979005e-16	2.708311069434903e-16	-2.1118425451135742e-15	-1.0064980836888164e-15	-9.241044201385953e-15	-1.6845390961424536e-14	-3.1276289439970875e-14	-5.863114137307825e-14	-1.4354108224232086e-13	-3.141592653589622	-3.1415926535897767	3.1415926535897523	3.1415926535897305	-3.141592653589727	-3.1415926535897682	3.1415926535888707	-3.1415926535757657	3.1415926535886958	3.141592653589775
0.9999999999999984	0.9592286542402253	0.8455154600294225	0.682023559763741	0.499558201870248	0.3279299618662732	0.1886441815652029	0.09119659563707282	0.03365609058720439	0.006530015154712195	0.002139435448171503	0.002541953403975029	0.0009934351888502475	3.428756478343793e-5	0.00013321948141604788	3.878596396791357e-5	8.923542816322305e-7	9.810851424675322e-7	7.621305317340393e-6	0.00018645449291517855
0.0	2.327741517569965e-16	4.2488375518378056e-15	2.458357759662261e-15	3.1610106118615397e-15	6.122687792415346e-16	-8.065156199792288e-15	-4.6465665993087604e-14	-1.6759529581351225e-13	-8.847217811092397e-13	-3.141592653586268	-3.141592653587779	3.141592653588787	3.141592653520659	3.5903203402195086e-11	6.126477106681262e-11	3.141592653179702	-3.1415926534920353	2.740562971636724e-10	7.190709229427394e-12
0.9999999999999984	0.9428229839323702	0.7866271593596669	0.5717157596890339	0.3488034574453557	0.16197270604067102	0.03617327444845079	0.026361751124665076	0.04083035500765569	0.029590563357239044	0.012226003884177751	5.307624124231208e-5	0.004631597008454792	0.004071855482682342	0.0019942836193919556	0.0005443417085520188	5.055710586800481e-5	1.4861702682784115e-6	1.4379583588296643e-6	2.2580528136289396e-6
0.0	1.6233060119655009e-15	3.21019071732991e-15	3.308497349510899e-15	5.918051506978383e-15	1.5717944342939958e-14	-1.8518244639768116e-14	-3.1415926535896426	-3.1415926535896834	-3.141592653589666	3.1415926535895844	8.531037661138516e-11	6.897892008088056e-13	2.953851504900372e-13	1.9212246031664817e-13	2.4298385388040406e-12	7.468246538794147e-12	-3.1415926534837126	3.141592652948187	7.640056413168551e-10
0.9999999999999984	0.9591300454811801	0.8442552999817978	0.6766733339491956	0.48606307147325506	0.3034877576865124	0.15450307236944116	0.05417175892750687	0.005141799013818401	0.0009996090430143439	0.020179580416284246	0.051048573520753454	0.07665477135231406	0.08787886482957141	0.08240386209221345	0.0636268467586587	0.03822476249935436	0.013357704386337673	0.005585677222228421	0.016145075342918973
0.0	6.215659951392856e-16	-9.59403112840387e-16	-5.454525614459479e-15	-6.228623089958733e-15	-1.5169201629639494e-14	-1.5822308595106715e-14	6.956137452652189e-17	2.1275001351540952e-13	-3.141592653586509	-9.322389774652937e-14	-1.1718709228149705e-13	-1.1647108327115007e-13	-9.29349520209198e-14	-1.1298312653369781e-13	-1.0777314232952346e-13	-1.0113153985716855e-13	-1.991800665244856e-13	-3.1415926535895595	-3.141592653589695
0.9999999999999984	0.9609115938620554	0.8516416981925089	0.6937716655294058	0.5161555427308723	0.3470115106878196	0.2071643019477647	0.10650349409951321	0.04429689429318834	0.012500453155992124	0.00027570229359251576	0.002125912466076735	0.0012514819136278672	0.00024264278169994875	0.00012483425843232075	0.00010053729782982793	2.3157999371520063e-5	5.80414192738968e-7	5.640837652806223e-9	4.516195300310581e-6
0.0	4.71420702216757e-16	-6.814400491199956e-16	-7.826095601696729e-16	5.903959191892592e-15	1.1718717057333862e-14	1.5673008177536506e-14	5.447305365944727e-15	-8.752925117304092e-15	-4.618550268824828e-13	-1.9601664703735435e-11	-3.1415926535873893	-3.141592653585288	-3.141592653571767	-2.9804100280865815e-11	-1.0571633663664397e-11	-1.9317535186356512e-11	3.01058207255278e-10	3.1415923407179736	6.725083320306834e-10
0.9999999999999984	0.9707440311271599	0.8871518870294528	0.7609091670466241	0.6088923095206171	0.4499332744282019	0.3014295268593692	0.17655661027125308	0.08264121640077945	0.020923703159652442	0.012420545003539313	0.02442066984621634	0.02317663673300732	0.01599642223578488	0.00818535268562142	0.0026295808266457842	7.925749957073561e-5	0.00012898315554042282	0.0007704939378109412	0.0016618955025210927
0.0	-5.224967971080092e-16	2.45921651565616e-15	5.690507665506634e-15	9.054723556022437e-15	1.1060162031443115e-14	1.2899646668245682e-14	-2.0755087974995327e-14	-7.526719527190797e-14	-4.619478373411714e-13	-3.141592653589038	-3.141592653589664	-3.141592653589625	-3.1415926535896963	-3.1415926535896306	3.1415926535889067	3.141592653523566	3.9262066585204814e-11	3.1415926535837992	3.141592653587246
0.9999999999999984	0.9370609614829781	0.767175592379257	0.5394822164987327	0.3139391949078454	0.1391266037379154	0.036982670316695436	0.0003032169986690253	0.0024086159816858067	0.012863770553320362	0.011206806371087407	0.007121476192586628	0.0337070385238351	0.05552259976985162	0.06333025659327836	0.055903469798283825	0.038960076942657004	0.020727464837147578	0.007378817746878708	0.0008190995001560667
0.0	7.297173389798348e-16	1.639252178091432e-15	-1.6928178063436589e-15	8.296189986888384e-15	1.8312577979193067e-14	6.055099784116702e-14	1.3990625053004804e-11	1.8431024728448935e-12	3.0266480157171606e-13	3.799917897837887e-13	-3.1415926535897043	-3.14159265358968	-3.141592653589717	-3.141592653589779	-3.141592653589748	-3.1415926535897754	-3.1415926535897607	3.1415926535897527	-3.141592653587177
0.9999999999999984	0.9648530390570326	0.8653542341900672	0.7179275534855541	0.5456683682387173	0.3731888524866676	0.22151878729365532	0.1043681781029878	0.02658199498908867	0.015073537820385424	0.029329140354133986	0.027019093318995463	0.017957158577971012	0.008910926579010279	0.003022221860305664	0.0004964516052205552	4.7023928984184225e-7	7.348273842002937e-5	2.359463235616904e-5	5.393981926947803e-5
0.0	5.046577563782465e-16	1.3449902970464767e-15	-7.365958214566673e-16	3.5113957663632157e-15	2.607820669943238e-15	-6.054210964104625e-15	-1.433030815196037e-14	-2.621232896877703e-13	-3.141592653589384	-3.141592653589617	-3.141592653589595	-3.141592653589669	-3.1415926535897367	3.1415926535895897	3.1415926535864696	5.497098587693346e-10	-3.1415926535892034	-3.141592653506866	-3.141592653547452
0.9999999999999984	0.9764979284543062	0.9089418624112834	0.8056298819360909	0.6786809900966945	0.5418882230748562	0.40843550516237964	0.2889632891155401	0.190347750290391	0.11535642213411006	0.06312044215935747	0.030182092692998246	0.011780758165627545	0.003046090060490502	0.00014184668405438304	0.0007283361467714908	0.0004621281586444655	0.00014643905629206722	1.5963679882085414e-6	2.4077871973415883e-5
0.0	1.3026328602176616e-15	3.8812505896655076e-15	4.076650280396175e-15	3.1409626362736668e-15	8.530571074712294e-15	1.328690816815349e-14	1.973076850227314e-14	3.728319520467036e-15	3.0678699225853416e-14	1.1724893673109538e-13	1.7600258445641404e-13	1.0272393188591779e-13	-4.801819510428042e-13	-3.141592653589006	3.141592653588146	-3.1415926535886802	-3.1415926535689715	-3.114442716861167e-10	-2.509760828551779e-11
0.9999999999999984	0.9600681542557206	0.8486122569638355	0.6880971729671778	0.5084218761301935	0.3385806549978272	0.19961607550859709	0.1010456092558017	0.04139100990070217	0.011829851673816115	0.0010151486215044796	0.0009028369584613657	0.00022402976277633444	0.00031290080897006874	0.00027760424719035736	7.45983371299915e-5	9.156998778398865e-7	1.2198323131030306e-5	3.65551907663045e-5	0.0001560163240823737
0.0	-1.3440148362499803e-15	-3.0476508218184234e-15	-2.8068035844718284e-15	2.494693442481518e-15	-4.362473180136864e-15	9.819046824160364e-16	-1.9522418943760158e-14	-4.65473232944839e-14	-1.2198265761038171e-13	3.086934995780426e-12	3.1415926535888845	3.1415926535671477	1.698294629945589e-11	2.5032080443492344e-11	5.52562943475952e-11	3.1415926483724874	3.707260786482898e-10	3.1415926534552625	3.1415926535720824
0.9999999999999984	0.9699243765347596	0.884216442893083	0.755483150657075	0.6018077854274994	0.44312396881603866	0.2974536234263522	0.17787944405663994	0.09088627447244059	0.03631645024015937	0.008757627352089934	0.0001613167229818323	0.0007394795924821252	0.0042568584986805245	0.005982619844587138	0.004460090692587094	0.000492952979253999	0.004007303410966544	0.007183228876513989	0.008033351900319735
0.0	1.6182489748931623e-16	4.5952514214439985e-15	8.096981909974393e-15	1.0839045448092652e-14	1.5080207624207293e-14	2.402171611585451e-14	3.067749885155715e-14	5.757562643072084e-14	1.6480914790720742e-13	7.438661266364697e-13	3.1415926535530194	4.126059318144363e-12	2.8791579943334134e-13	-2.638313401802306e-13	-1.1408358563673904e-12	-5.9134904319377535e-12	-3.14159265358862	-3.141592653588558	-3.1415926535884577
0.9999999999999984	0.9752161056377145	0.9039598669335378	0.7949711694560061	0.6611112497566286	0.5171839411888863	0.3775508067167892	0.2540133362877936	0.15435192091356145	0.08174513201717071	0.03508769233314158	0.010032549560686048	0.00044666992864393314	8.07610152003412e-5	0.002999232563138747	0.005948366040772003	0.006940637968201913	0.005780731652707662	0.003315544759893792	0.0007553716931603706
0.0	-3.454527967899691e-16	-2.7584010260597603e-15	-1.421859920588891e-15	5.543644060679807e-17	5.624848972845806e-15	3.301520201517524e-15	7.419252711026231e-15	2.3372690581273768e-14	7.038215975303083e-14	2.034379061749682e-13	6.19223710206163e-13	1.232707486646489e-11	3.1415926535313914	1.2261912155707173e-12	4.5396730443938e-13	5.73910050110395e-13	7.338469046380065e-13	1.965906232114541e-12	8.070001806144912e-12
0.9999999999999984	0.948179134180785	0.8063413453491411	0.6102144825557315	0.4045658107373257	0.2281062377449963	0.10273276944755684	0.030857250172177737	0.0004288817161943723	0.006125397519001467	0.0038086699488047875	0.0010307674167865388	5.613202917910215e-5	4.449830291640598e-6	0.0002542596456436354	0.0007433886948091435	0.0008656422666706879	0.0003107354540963741	0.000529562879012423	0.0009793176882232192
0.0	-1.7857710575756932e-15	-4.204973064444367e-15	-5.049339425434859e-15	-7.201266963529702e-15	-9.402322692663499e-15	-1.177082105084564e-14	7.966332387609327e-14	6.713084787884979e-12	3.1415926535892047	3.141592653588904	3.1415926535863017	3.1415926535725305	1.4287687747461765e-10	-3.5746700102455852e-12	-2.058987823466623e-12	7.120919418522609e-13	8.38870870802044e-12	3.1415926535794507	3.14159265358335
0.9999999999999984	0.9721299415834976	0.8925611642688619	0.7725629503042291	0.6282913039357438	0.47756531911204086	0.33656623159301474	0.21723317318677715	0.12588652597418726	0.06323994758331411	0.02558476370263874	0.0066577944815785235	0.0003947848931042358	0.0014617212290946686	0.0006091906609414336	4.7220889581553953e-5	7.489617259857476e-5	0.0006922604597217665	0.0012863252781773007	0.0015093000935530291
0.0	-1.5577069277400333e-16	-4.1785660761842436e-16	-2.633966095923449e-15	-6.5194159315066254e-15	-3.5283177372105067e-15	-1.4736382966666395e-14	-3.623176233413674e-14	-5.3694887387392576e-14	-1.153320159248148e-13	-2.430421610963027e-13	-1.1478362524048072e-12	-3.1415926535738268	-3.141592653586314	-3.1415926535878995	6.60699406080091e-11	3.141592653484704	3.141592653580274	3.1415926535826717	3.1415926535823835
0.9999999999999984	0.9375717156597546	0.769887084160758	0.5469052757387118	0.32731185749888864	0.15568909355259788	0.04965802317192775	0.0013728536010322342	0.01060405271097395	0.007637793715902793	0.0028533569731641365	0.0005132216169091429	1.3687066845745727e-5	4.555973207588456e-7	3.555954628757554e-6	4.178129769785912e-6	0.00029193403123506037	0.0011305828279297623	0.002126228963231218	0.002289638233765963
0.0	7.835143656924595e-16	-1.817248334545578e-15	1.6011973029894639e-15	5.835537483878928e-15	-5.1924161692565924e-15	-2.658655490779784e-14	2.6817989068519158e-12	3.1415926535894596	3.14159265358932	3.1415926535887166	-3.141592653584528	-3.1415926534773195	-6.3793022145953024e-9	-3.141592652876083	-2.847622965108268e-10	-6.679468561176732e-13	-2.6762925153872344e-14	1.8073491625119375e-12	1.4829394055805177e-12
0.9999999999999984	0.9302531011084513	0.7452564673684038	0.5058101133451329	0.2805625437863764	0.11707287663009712	0.02786218234392445	0.003883461905947462	0.006368760977587522	0.001964535087581336	2.193400058129995e-5	0.0002357903924596994	0.00010688786433997089	0.0005542929361759055	0.0003678433773588302	0.0006171954972640248	3.176152032725252e-5	0.00420631140859027	0.010416315965189623	0.012664662004255669
0.0	1.3928029860600669e-15	-6.588445335394281e-16	1.11167242636593e-15	-5.189557865711912e-15	-1.0329886281017255e-14	-1.4020694516957789e-13	-3.141592653587744	-3.1415926535888063	-3.141592653587353	-3.141592653470588	3.1415926535791066	3.1415926535624084	4.638408758478507e-13	7.088364521747296e-12	3.141592653587546	3.141592653469193	1.865243475198692e-12	7.836947058808284e-13	7.651914632975794e-13
0.9999999999999984	0.9386057840613272	0.7739194635901786	0.5554498590281158	0.3408598570104405	0.17320561563604123	0.06862376755602052	0.01859480111980031	0.0022777737673258733	6.431909237321438e-5	0.0002562078772377855	5.010067182855598e-5	0.0001649330804648512	1.9058355508630417e-5	1.8339760112480928e-6	0.0007083052780052852	0.001609165085602262	0.0017213378858857015	0.0007881460140968552	0.00029954240591903935
0.0	7.379091773954571e-17	2.2513244581977447e-16	7.596062588027417e-16	-1.8144878030996684e-14	-2.7907492293346843e-14	-4.591933717917877e-14	-8.111208193765087e-14	-8.073785169570569e-13	3.14159265356154	1.2262278645429272e-11	7.170431043572739e-11	3.141592653570299	8.007933553447718e-11	1.3295077914307584e-9	3.1415926535881558	3.1415926535879244	3.141592653588629	3.141592653588303	1.5880296750310252e-12
0.9999999999999984	0.9339784625795882	0.7583932724617878	0.5295761894420828	0.3111492478968004	0.14758979489511193	0.05181681263152901	0.010466824861036334	0.0003997200477417032	0.0006559621119452389	7.250119934373079e-6	0.00021934547186286293	0.0003619973879577547	0.00010531676180440673	9.972897406561871e-5	3.827618066554429e-5	2.980754267309524e-5	2.735857384858241e-5	4.291095851518891e-5	0.00028105597424190156
0.0	5.044236625313372e-16	-2.2767247041386385e-16	-1.394253083865096e-15	5.232458573219756e-15	3.964223047518661e-14	1.4236824674615112e-13	4.907899660139942e-13	3.141592653579925	-3.1415926535892793	3.1415926535116236	3.1415926535864163	-3.1415926535764798	3.1415926535836167	5.649980889889829e-11	1.6045885319231273e-10	3.141592653432411	1.8221369471535886e-10	3.1415926534583902	3.1415926535651817
0.9999999999999984	0.9320249852119353	0.7513938231234247	0.5165848680329829	0.2938518682891331	0.1296184339247811	0.03708722386214256	0.0013493061630280342	0.004027283349232853	0.0009057532871821178	0.0005691387960132213	0.00033009891303844435	0.0012065468151149284	0.0009538140639548789	0.00024371900158953012	8.353546682613686e-5	2.8888517687395185e-5	4.715268313356081e-6	1.6322308939627133e-5	0.00016495914174660843
0.0	1.557428387018136e-16	-1.4270926692031473e-15	4.5241108324425704e-15	-4.069633654093312e-15	-3.3547501626710376e-15	5.895601776435899e-14	1.5931932063209344e-12	3.141592653589738	3.1415926535883174	-2.2613760260513824e-12	-3.1415926535794068	-3.1415926535867147	-3.141592653586885	-3.1415926535746888	-7.58457406573776e-11	-6.15597551969289e-11	-3.141592652953777	1.8042543127071092e-11	3.141592653579834
0.9999999999999984	0.9610128472205957	0.8513707224269512	0.6911099022865648	0.5078266277468051	0.32989272386778556	0.1800848586618297	0.07140233191292968	0.006011923337538742	0.022816624314937195	0.026837181576771747	0.018518972311008186	0.007684761216436766	9.944123178477579e-5	0.0033342128209853774	0.003176148174470821	0.0016741441716063088	0.0004169566182593776	2.1140173198448633e-5	0.00010623842341659075
0.0	1.285344372111331e-15	1.6379137214966809e-15	2.7822674399009e-15	1.2007937718429092e-14	2.556569856650569e-14	4.6250415344052425e-14	8.786669891946797e-14	4.11031575068415e-13	3.141592653589659	3.1415926535896683	3.141592653589713	-3.1415926535897913	-7.87870144069709e-12	-1.157028311444921e-12	-6.857176677983851e-13	3.300352341659335e-14	-1.4427348199564932e-12	-3.1415926534323355	-4.378990935481734e-11
0.9999999999999984	0.9676236502592668	0.89246627510094	0.7795168327644707	0.6365871449443679	0.5155873862814231	0.3688954333038728	0.2431800705306767	0.15198134580432207	0.07935294888544768	0.06983642489733034	0.06388271022040257	0.06930155252550146	0.06330445371974405	0.044236091169132644	0.03170979982237172	0.02207137107535832	0.024210662809290562	0.02499432961521612	0.025810328198548966
0.0	1.1903971009182853e-15	-0.15109322671345027	-0.277839512431935	-0.3569341012788604	-0.5683817334396095	-0.6540484819956423	-0.8796199064850654	-1.2840635876301396	-1.8600813752631467	-2.5983535377604876	3.1117592851601272	2.6355971761744335	2.3354187665160024	1.9718922471090476	1.657409740587028	1.1566429176490887	0.233731939891776	-0.16108460438731376	-0.5085905620147291
0.9999999999999984	0.9761744703263074	0.9192222682887983	0.8406134240367836	0.737278659526712	0.6297062349494092	0.5043109866935462	0.38128043464203054	0.2744934301935906	0.1750297462967825	0.09166569672748653	0.03562929103163917	0.029602079400329728	0.05690142914184239	0.07138839075639607	0.08129772464369901	0.08028950655049352	0.07514674851151594	0.06718161827954401	0.06019610639185717
0.0	1.4642998640674112e-15	-0.11850536190527187	-0.21142193643443485	-0.2615367966423556	-0.403561709170751	-0.43094094185166687	-0.5413126572916444	-0.69442734747847	-0.7404205239982911	-1.067340642627005	-1.5551612445644734	-3.0816741290367733	2.633323395233429	2.3551958709513663	2.2878449608903253	2.1897151383133977	2.1493746579808977	2.0839733463637433	2.0139036866833044
0.9999999999999984	0.9458663681169162	0.8268319950189316	0.6616532081332639	0.46792831052590383	0.3179199675132934	0.16283811111545538	0.08843694077006319	0.055250297402285604	0.03173509731619976	0.03919658332401652	0.031462162238641435	0.026532023548967762	0.025738956484745872	0.035498277531244835	0.054549295133015194	0.07588348404203835	0.09807934256446482	0.11401102340124196	0.11946240696161958
0.0	-1.2104431796470983e-16	-0.11168511954265466	-0.19958761808743564	-0.23797169283567662	-0.38119539773659655	-0.4998037292927505	-0.5260207870797301	-0.586094214960539	-0.5833481611450366	-0.4761417767960129	-0.5416244867099675	-0.2069049083492702	0.10431107915227372	0.41867515817329426	0.4503831896357194	0.36534729127053756	0.10207758316571144	-0.055157116521196786	-0.3113681685814895
0.9999999999999984	0.9303921666042602	0.7737970745728786	0.583853427938491	0.3863633266911011	0.24384430532039839	0.12829866066866152	0.05344496811833441	0.01834466371473404	0.004552598414216445	0.011821997054623818	0.015206551482723435	0.017914245541795295	0.011462682195157678	0.01849685494754729	0.032125267490402544	0.0677240773859595	0.07932607094783369	0.09258778679638904	0.09736540863689291
0.0	1.4655031513154692e-15	-0.2955902159375523	-0.5286799366833412	-0.6637110576066348	-1.0288532334667162	-1.0595259110170683	-1.380012119929728	-1.9338247913255042	-2.604668563058853	1.8165390358090898	1.2682601291576516	0.8415181097810934	1.445265212237569	2.2700776587775886	2.044708076153734	1.974311032079151	1.5646026862842357	1.1998254944193532	0.8338061209929546
0.9999999999999984	0.9500379617418108	0.8424772842747896	0.6761454685958556	0.48392643688078724	0.3476041994675564	0.20318247955771895	0.10980210383727017	0.05227490355819036	0.013871856117134167	0.018771153665698245	0.03231756751846248	0.02757530478681005	0.01501461116127842	0.012739474027549411	0.005863604190277859	0.017365448071878665	0.023282566831254188	0.028184197651104588	0.02083706933698484
0.0	4.418803227785924e-16	0.013753371018217518	0.016122804209236726	0.013286573938612949	-0.0034659180167373204	-0.03933534402366539	-0.07687805150603796	-0.1115687921067437	0.7611601210477233	2.1692696776461924	2.12260324839969	2.1525387483461165	1.964386147244	1.9054316455376992	-0.40358600961557806	-0.7121862832999403	-1.004509891301093	-0.9330174341702249	-0.8643484933636687
0.9999999999999984	0.9380449176772073	0.8003888500465283	0.6118626596254377	0.4124374168504809	0.2780859446673418	0.155784352104123	0.08376290194123658	0.04680834905234069	0.03228943353152489	0.029700808095745563	0.016390283632638548	0.007303594204629228	0.007247967733872941	0.010415617731075369	0.011370265001433455	0.016903135616512074	0.017965421648285334	0.03875646189344517	0.046391042558641286
0.0	1.5201219796423648e-15	-0.16881468397068075	-0.3076453955763588	-0.38179287337126955	-0.6133700944811624	-0.7612964638371508	-0.8710936565642757	-1.0316776420244158	-1.0629964425401581	-0.7771333531092526	-0.9761775345588146	-0.6687332751744838	0.6448528656322798	1.93880395486995	1.3942415540157247	1.09956489926243	0.7291214001292401	0.5574838147933059	0.2572223941706234
0.9999999999999984	0.9594396930761022	0.8717635609598486	0.7419853512056194	0.5802481612115374	0.430887480454677	0.27282136962034276	0.1870214127573958	0.12572323583921938	0.07143386156765841	0.05538820549462453	0.03651391334339533	0.03539432900998571	0.04728635642248121	0.06034789524383461	0.067744406858707	0.07520171621377707	0.07829316525307972	0.07987769404390371	0.07854662322635482
0.0	1.1173804001338432e-15	-0.10363320483073665	-0.19793446845997514	-0.2722542054862192	-0.4966188913996036	-0.6959216643655067	-0.9697937224196915	-1.4308402500367219	-1.922973951593925	-2.5291836221597106	2.9531536303872197	2.118760438668523	1.5679184578090475	0.9778712528852068	0.6460502657268261	0.42894466562185807	0.14038888075362266	-0.025627356686697272	-0.24434422298725314
0.9999999999999984	0.9224517646635133	0.7524005218825491	0.54176867963374	0.3249092838970819	0.18282018413259182	0.06601764799907979	0.011865532172001845	0.006230517501847956	0.0041683364303777455	0.021850858037157035	0.03399880471991938	0.038188756102816655	0.045271206681427686	0.04488091270154478	0.034964775156387	0.03427175049609357	0.029519610773600293	0.03156653531641948	0.03243864454392182
0.0	-4.851838046678507e-16	-0.007113350501548571	-0.023765167022625648	-0.053710291549990734	-0.1461661791563956	-0.298577951667915	-0.7884612807115653	-1.8674484998794083	-2.154219406386561	-1.398145989847747	-1.4007674448668581	-1.3815733968460686	-1.2907679259157523	-1.3512949948209543	-1.4823269037134126	-1.2490815948305176	-1.4362994917355334	-1.2954259133282793	-1.2846620740864703
0.9999999999999984	0.9743540942805693	0.91396264121419	0.8232579482243313	0.7055688505584548	0.5986360234273895	0.46016844768588233	0.3438411950565497	0.254341870426654	0.16865917454302548	0.1386744552825909	0.12194084534401425	0.10724326197681464	0.10237419262188688	0.08754845793813919	0.07100531515619744	0.05618168954403688	0.03412145692847657	0.016696635141558183	0.0159440559897299
0.0	-3.0978664388210375e-16	0.06642022726477377	0.1248575282069569	0.16660221127973465	0.2813286214644583	0.3559907916282055	0.49175345132813597	0.7254225908437388	1.0220751543900777	1.4276114287002752	1.8423683999801683	2.173013157303287	2.382833133051485	2.5945138875925817	2.7310506823347613	2.863764911414775	3.1139136019458653	-2.802796288606749	-1.9766409142600603
0.9999999999999984	0.9269549716632987	0.7592488890026663	0.5819216025692485	0.3825232877254773	0.22259110000211105	0.10890176655596276	0.022999492604656058	0.0058691456780817445	0.01026339850635962	0.022868369437997187	0.028584137252496502	0.0473191343345846	0.07363566278945037	0.07886367493397008	0.08441541729222221	0.08341090518899517	0.05530461383660005	0.03428112200230896	0.006884983937952248
0.0	-3.383530096330619e-15	0.41476286525782324	0.7431482856348334	0.9165776830519401	1.491699977863254	1.5692567365964847	1.9790529064495697	-1.2372094534497475	-0.9004815839647955	-0.5264585889076633	-0.7247105192060632	-0.33861339848854777	-0.07836423537020919	0.29454215843597087	0.656560033933883	1.0393266393862157	1.5373967142618312	1.8172283241143392	1.2390436346711113
0.9999999999999984	0.9768441483512972	0.9225883123997803	0.840384616132878	0.7339037250988915	0.6349834786240358	0.5095991935170883	0.39958105799336563	0.30443874571035323	0.2110397288487346	0.15221764037728291	0.10036023697716356	0.06281668301395518	0.04259061160163104	0.031204393940181242	0.026294395561424173	0.028635891311494365	0.02911932044836621	0.02889744572266339	0.0346147216582265
0.0	3.125486622274576e-16	-0.10169575606825204	-0.17945278976349813	-0.21919826634204706	-0.3293556730782375	-0.3457989510051291	-0.41097646703478896	-0.48364038989730435	-0.4496724304840246	-0.5112865961301306	-0.522619656773037	-0.5562626767164935	-0.863677805019079	-1.159805330674617	-1.7032200824993595	-2.3437939555002294	-2.6003030659714295	3.05436779050597	2.4659884834249284
0.9999999999999984	0.9355148336285307	0.8062511491024315	0.6189046928278015	0.4028811038604383	0.21709316082467278	0.07821817901778591	0.058875124142478114	0.05650115810843048	0.03533367158797583	0.041313853271580256	0.06991080581453456	0.08905501149221765	0.11393782137301793	0.13945991638372437	0.14644703744760193	0.15337715741193844	0.13263296145255513	0.08764622291650648	0.06234951462995907
0.0	4.413229725937387e-16	-0.01534130893479881	-0.03913087892628885	-0.07656521998400055	-0.2553514277981752	-0.94836709323438	-1.3932416955051767	-1.4027644051920798	-1.1818747564261602	-0.22763281063525828	0.4715057420357098	0.9451945575540361	1.2422638569520803	1.4409477284957564	1.5759887669860564	1.61454594088513	1.5221843178245635	1.2229587961970587	0.7319012844891296
0.9999999999999984	0.919705457201432	0.7471986022815763	0.5234172874762922	0.3045455338697682	0.17089287711109077	0.057342008762223416	0.012149593084475054	0.007366159417772472	0.019884207164207877	0.017760934837988587	0.01687916322073355	0.011768359616064721	0.01844733551273321	0.022977070528250213	0.032298629144821955	0.03035764931306187	0.027117613889032288	0.018943091245541756	0.009305206445868098
0.0	-3.357387697398898e-15	0.09606969735618985	0.15350589942165452	0.15208803063996973	0.19598179399410703	0.3570334354981633	-0.2661242586448089	-2.428076398102183	2.652492516570278	2.6713422267039912	2.5609969725068398	2.1170789584138308	1.8927512098722528	1.80492637814302	1.9874663851146115	2.035697803203396	2.2423634866151323	2.7756292866893038	-1.8046308090201442
0.9999999999999984	0.9708010782617319	0.9004475723639179	0.8065505717546203	0.6862210229470586	0.5700524765727933	0.4429868534168171	0.32262099689017953	0.22319337180354243	0.14161407461908074	0.0869703151985034	0.046521602016374286	0.027310790997353056	0.012683767390678356	0.005413027490734629	0.010655899351798495	0.02627187206678019	0.03382103779787685	0.045687177267226604	0.05977855247290294
0.0	1.3902074220256422e-15	-0.20428460775991736	-0.3661119759521929	-0.45891181758969213	-0.7163601453725972	-0.7831955334812835	-0.9805024963648576	-1.249610865486851	-1.3659608495009634	-1.7981274156267684	-2.137442512381419	-2.526606439123336	3.024673115685622	1.28708353877622	0.0899159297092809	-0.19321870625013368	-0.43318994678802625	-0.598163600918642	-0.797286513312045
0.9999999999999984	0.8555464951505897	0.5863230953052891	0.306255994271988	0.10421425118112564	0.08245349580022152	0.08090036107969346	0.0980370326100356	0.0927028524944168	0.03939264598684583	0.016823320257293325	0.031000856235045806	0.03895110898734022	0.04324584280422308	0.021243789247803742	0.012867293193484324	0.01805033611401346	0.05848851810336307	0.07474897370450274	0.06622680374002256
0.0	-1.768084937085179e-15	0.361292874198935	0.8129159341442106	1.5283144454130526	-3.120258816115963	-1.5834434411554676	-0.951643806465341	-0.5589170725333208	-0.08630960530768038	1.543618775751061	-2.9895716542805113	-2.5426423715410023	-1.9866586452366433	-1.359907909972574	-0.7853515261579994	1.978511164341031	2.127717625723583	2.263311693487709	2.1774918961349368
0.9999999999999984	0.9243789123082451	0.7606704256808379	0.5510562974652298	0.3366902572832573	0.19997332681617888	0.08869893243425483	0.028385589892686743	0.0036982263925942525	0.007149582814890795	0.008384284407201823	0.008264308882202726	0.01245423203701195	0.01688919264491574	0.023137555241660772	0.00782516676038822	0.021548120920105305	0.034638871217796526	0.04409324919201721	0.04725036088177766
0.0	4.2787318842559467e-16	-0.17660479484132557	-0.3110595266339939	-0.3716914469854856	-0.5670809718425337	-0.5690551672719445	-0.5940906604522529	-0.3540506830885383	2.022178244642345	1.8645707180271744	2.7225450630654224	2.619492752733957	2.808554101430335	2.7670267002761926	2.584014496883139	1.0106179726595796	0.6698385412651005	0.014794660472491526	-0.3672740800858543
0.9999999999999984	0.9484475892173314	0.8336408615881279	0.6742940032121344	0.4880789444933712	0.34498496442038085	0.19683950297754457	0.11250972474316918	0.08632591436179823	0.06883957260189928	0.08901945834078394	0.10260316320181476	0.09837963944669466	0.09395575754924544	0.07109519969707787	0.044325200858824305	0.015824853724498527	0.007634443646922887	0.023592766392883307	0.030500708757692886
0.0	-3.5117059832731204e-16	-0.06957444328211641	-0.12887942553637163	-0.1784942552018439	-0.31678910562995444	-0.42166097176505524	-0.7346368492552762	-1.0875366347280093	-1.3013383708899713	-1.3871742836440657	-1.2733314984856527	-1.0955380306242815	-1.062422912825654	-1.0633151963956378	-0.9607457124017018	-1.0228775900209084	1.8988983204950618	1.8595739242392637	1.939154585696046
0.9999999999999984	0.9754978541544729	0.918169650265201	0.8276292147548825	0.7133570116599731	0.6163692250452742	0.4846018135129256	0.3769338328631927	0.2864490073042868	0.19495810335927294	0.15388002741277348	0.10684765483095321	0.06891659269142003	0.05370241466837175	0.04078183062360234	0.03617692936388278	0.03715303358716805	0.03798675085663303	0.03736293271655512	0.043209338864159244
0.0	4.588002473772167e-16	-0.011236504493901305	-0.019743951215326502	-0.02261820664935346	-0.03517507555702878	-0.04387819023332022	-0.04404614431898357	-0.05455646948842621	-0.07925201279464121	-0.09970308685520768	-0.19566917844220916	-0.273918037426265	-0.378395691174935	-0.8017095898846666	-0.9642292753777635	-1.1892770534566144	-1.4028792859726829	-1.460439778306708	-1.5803279716006402
0.9999999999999984	0.9377911387938427	0.7963619772280102	0.6239595821951396	0.43444276017794575	0.2856189061802415	0.14955978526662236	0.06471817070538358	0.02747781792542376	0.013403235412900557	0.011666577945221964	0.004549941217585435	0.007564492225360443	0.011950409127387783	0.016682952825570568	0.03193884685648567	0.04376210207216733	0.05006513800580832	0.06081890060165781	0.05833261639894668
0.0	-6.178322837657184e-16	0.046602283068224594	0.09181152045960972	0.13688315222811948	0.2645296812633983	0.37357277758656043	0.6499638808593724	1.201559999393541	1.9063773421661439	1.9502498255393546	1.5235335978634692	0.6671890823959448	0.2518573855152582	0.6034523196308488	0.7847273160045105	0.9085608544009338	0.9895805595870979	1.0474819635842998	1.106282669415207
0.9999999999999984	0.9376779152865817	0.801419859067231	0.6283491045389483	0.4323890176156486	0.26877676897091946	0.13562712358990067	0.06929405737326787	0.03969329929984634	0.026003529182655506	0.012564343408731903	0.016665936084323738	0.041564427629500356	0.05423510569618429	0.07782965617009611	0.0982881578442125	0.09970804841196847	0.09067744452592394	0.07220073136273397	0.033826441950581286
0.0	3.1265348437952665e-15	-0.25991441889316935	-0.47798310030340924	-0.6190870364263157	-1.0798929606841203	-1.4035409837724953	-1.9180881207149054	-2.8166251378630185	2.824650674672556	2.31581957935644	2.874850005812406	2.780615260829512	2.631042359819719	2.1326690801540624	1.902177387307219	1.702917124058445	1.4906164500721177	1.3489531209344257	1.1864393163716458
0.9999999999999984	0.9321108867707442	0.7734956061514268	0.6119362636928244	0.427085464982154	0.2433413228113313	0.1302788429532167	0.07066939295598627	0.03327459994925223	0.0067782834745271706	0.014715277971494448	0.026496872392341057	0.03240668744835769	0.030573859638131994	0.03146369754706573	0.03703217724737784	0.02827073554723264	0.02644691456402532	0.0271312023602916	0.03125557956914679
0.0	-4.1222697361689352e-16	-0.05467486661104829	-0.12479535090642668	-0.1680473286061021	-0.12146073430913638	-0.029789157194513236	-0.07128865525048245	-0.3725186446401612	-0.4809457203093984	-2.8612603622682977	-2.6760620360753267	-2.7194827396170305	-2.5425462737895597	-2.205552094495826	-2.0427562919669056	-1.9475703933841806	-1.7389406674697898	-1.7384010261974407	-1.5279564820686693
0.9999999999999984	0.9497911966434166	0.8362855773233079	0.7014268609683348	0.5257484434249035	0.35008570186509486	0.21735275110033386	0.1159371801478117	0.051375426961254085	0.04195090537823034	0.042971541655540464	0.040778142200296415	0.03264965062442257	0.021853124427416257	0.012612748522072687	0.02217395764820083	0.03045818108325518	0.038009273180100965	0.03599928099007191	0.026738377176045682
0.0	5.47927844174812e-16	0.10403808488056156	0.2535316759405093	0.340453615792549	0.3430612254331537	0.33767287764112774	0.26857631726888453	-0.2284480725539222	-1.0487770068746285	-1.3087996993779476	-1.4847708353986637	-1.2649276454720482	-0.826833869545305	0.5112091077939835	0.9461632502041525	1.0101372941529847	1.2660686711660962	1.4185294470270349	0.8706628295488569
0.9999999999999984	0.9320057065031115	0.7691672280422438	0.608149470592746	0.42365654996227775	0.23713990892845188	0.12473859877159488	0.05378534914044397	0.015395439481673257	0.04347997842943351	0.07190644575833197	0.09153560164579479	0.10234987297638759	0.10287509733875573	0.08925266150470436	0.07714611615784668	0.06962226702059386	0.05025749016689142	0.03307502619435803	0.022783377630093457
0.0	-8.003503513607904e-16	0.04018413773647522	0.07872398493531309	0.07010433883374304	-0.027955095478834836	-0.17056960028903204	-0.3786748873066275	-2.0903866132088718	-3.1110510679986465	2.833870844923627	2.622471999902308	2.5496472697334536	2.5747715632449957	2.602468409452544	2.498770312980387	2.3370327161797553	2.321303553323651	2.254172394029603	2.376418081452047
0.9999999999999984	0.9589901503400529	0.8729893358057236	0.7534130394510751	0.6062858387257709	0.4648827485770009	0.3347233359042019	0.20854000266022926	0.11936599265985719	0.06823171408121229	0.0364234162130739	0.0076612943032515046	0.02458220700668958	0.03608867814810749	0.04774079974565311	0.06160874360210935	0.078609102493151	0.0859972354856441	0.0946306462384205	0.09427303882283714
0.0	1.0762993424282841e-16	-0.20306475453775988	-0.5123297534073896	-0.717389371614256	-0.8021129870353907	-0.9811169356044913	-1.2611980370697313	-1.5862875516491424	-1.7900076364428585	-1.8764682503919536	-1.3637694791546406	-0.15216228328588532	-0.3453199381830175	-0.6895417718797439	-0.8087289284465435	-0.9032083832662599	-0.9434097860736806	-1.0761995715304316	-1.1752661722289013
0.9999999999999984	0.9106072314646715	0.701982406543269	0.5189020518982358	0.3541061777477995	0.28490637052268164	0.3467835404607245	0.3686421896934523	0.3494199477011517	0.27376557449067707	0.18940014879721234	0.13956829165049606	0.1279035565136205	0.12263401618081185	0.11707614564515598	0.09618484088829626	0.06492337039602337	0.04866711621861074	0.04914685155301926	0.06906756711144922
0.0	1.1896839529870852e-15	-0.14982316041521476	-0.5030231979538787	-1.0187517415889042	-1.8432705179762443	-2.2607870659839597	-2.3824878997957004	-2.508789770676377	-2.68309941101751	-2.9400544999197447	2.945505928410063	2.6107500926280105	2.28940832143486	2.0605380203561525	1.8620376924866202	1.586480163483998	1.1224171999283128	0.5935962043458578	0.4226173016271686
0.9999999999999984	0.9586406892134154	0.8600705778979044	0.7442375572326453	0.598775776136242	0.4330586942014057	0.29786586900170786	0.20158391355317778	0.13116648170786757	0.08520180448602645	0.070543055700808	0.06980834184973973	0.06671627773760264	0.06282332623086964	0.054692530872001176	0.03464594771177648	0.019140578077521363	0.013837375876293126	0.030679884643465175	0.05279565396565987
0.0	-3.971997091937964e-16	0.05167023245027927	0.13908406016541813	0.20775473816075435	0.27604382256153787	0.4162914102812828	0.6324250618693098	1.0100360230988916	1.5254691200502	2.1433373586905162	2.466860688273332	2.757255336276252	2.995325515534716	3.0744779725180016	2.9775071844591747	2.748476008207409	1.507861493708429	0.9973712127992745	0.9596601672139814
0.9999999999999984	0.9609834628337738	0.8615003575928304	0.7593182176253387	0.6293569533663487	0.47073832700587076	0.3631794430785227	0.2943197457234329	0.22675444562560498	0.17553917807709285	0.15679254013030625	0.13837968503400716	0.11439294091603569	0.09573396128444715	0.0837797562879038	0.07777236109235389	0.06829689840441915	0.055464752238913756	0.0433338181453409	0.031371239158775086
0.0	1.5740945911713692e-15	-0.02021444101977539	-0.054512707108813445	-0.08451877856746942	-0.11785079351039093	-0.1638219627847807	-0.21396460058808464	-0.3038143652900064	-0.3501991624412901	-0.3438782071648076	-0.30862442570320436	-0.23067994683483986	-0.1263305784556085	-0.1105760094908402	0.0355505703362256	0.2363029702178782	0.5214655261810803	0.7600444948406446	1.0070923061445336
0.9999999999999984	0.9781471032629717	0.9238406971522831	0.8591678010554731	0.7707374121137383	0.6589841406520662	0.5581691723837492	0.47052846433561285	0.3802072444167791	0.30063240780398887	0.2380041082195793	0.19009885071394741	0.15392964292024033	0.13541868032790813	0.12858883072324162	0.13097900157546516	0.13508824261496902	0.13947532424833742	0.14261232412214989	0.1397435696634821
0.0	-3.706571386550233e-16	0.04309950137759846	0.10460084546055	0.14092025714682627	0.15160242867651733	0.17596954072202747	0.214647820140183	0.2621834291057281	0.29537221149445053	0.36141777278535014	0.4739496773091369	0.6557539155595493	0.8588079547370792	1.0799022760180115	1.2339967501417664	1.316753968592772	1.345699246062363	1.3508521275743943	1.2754502433313133
0.9999999999999984	0.9845588600609806	0.9456836790236073	0.8978046434154359	0.8314566845881589	0.7425725625672106	0.6556168324477428	0.5773849351795134	0.494007437468152	0.4086308837404117	0.3317075126252819	0.2661799221374019	0.20681406597627527	0.15272626371781756	0.10895046035929279	0.0802923422389027	0.061833054862686324	0.05585832678857762	0.06215900721984341	0.07161014933269265
0.0	-1.7355007335278291e-16	0.02738464232251339	0.06961801371820728	0.09836902046468736	0.11511237158542297	0.14507248590412866	0.18435053829604994	0.22893130963722091	0.26067549707732124	0.2810576902764289	0.31110481054552913	0.3474469648862341	0.341478231654917	0.25701354294658385	0.1134697715522397	-0.1209943641253881	-0.45960272838306	-0.7071685157822171	-0.7779932596811485
0.9999999999999984	0.9210101907789897	0.7509289397462622	0.5709672153619992	0.3622342155463467	0.190461410975318	0.08902976232383955	0.033222154609470644	0.009508475354131192	0.01392805157901795	0.03111942419061322	0.028691855741509637	0.031706371134461446	0.052400490558822704	0.08833696688675115	0.1376392878663562	0.17396018975482425	0.1894656911025671	0.1946480626045577	0.19566819419148532
0.0	-6.545165449169231e-16	0.1873157730366677	0.4662670079960134	0.615805797524516	0.6172435903935671	0.602966738671496	0.5096605107559619	0.8077226602309542	-1.6394095547740621	-1.9124126998954427	-1.9536613314576268	-2.5763146012961835	-2.875963241749062	-2.803031843162059	-2.67133215667288	-2.4240809098651845	-2.215515836103388	-2.021026806641986	-1.851355688663631
0.9999999999999984	0.9718660821642489	0.9043470502088061	0.8207628579209849	0.7082506779712061	0.5707779510867632	0.44628758783660744	0.3397133901057694	0.2415591230732685	0.15486548749912346	0.09244446973464825	0.05324018954617692	0.028160001415002488	0.02612176658463518	0.03047615040163573	0.03657651292447011	0.036554116441960785	0.03534130235568629	0.03522834682030976	0.038413979751787834
0.0	2.2552727707254936e-15	-0.04711722033980317	-0.11632485079804214	-0.15935749119881323	-0.17588551995250215	-0.20540576970696445	-0.2403803068606984	-0.28535992567048046	-0.25556746278120984	-0.13098230825447482	0.064532588409509	0.43947086270153507	1.1369356882276078	1.324949323492394	1.3089435572647272	1.2905216412231595	1.2566523418333362	1.1665908849843465	1.1099680134861163
0.9999999999999984	0.9873834162021571	0.9544712377785058	0.9167671359249607	0.863352002550469	0.7894448878378303	0.7231217735379951	0.6674721837562068	0.6019837523512774	0.5331635584877298	0.4789513122448609	0.42987305680680354	0.37721151560358235	0.32574384456444033	0.28162461162779195	0.24640705104520125	0.20850072744061018	0.1716991103923255	0.1361459831751847	0.11070014505767233
0.0	-1.1771159104281518e-16	0.028944002134940413	0.07417104075970006	0.10476618289962446	0.12580059186566905	0.16036468806011522	0.20332849517345702	0.25478495480899055	0.29695092042784194	0.327225637761117	0.3698038444901832	0.4294163456832019	0.46518785130651563	0.4835337112648033	0.5050519243902004	0.52782449075142	0.5453772320727147	0.5482485434641995	0.52580923147796
0.9999999999999984	0.9434975613443088	0.8143029947482939	0.6649403370242922	0.49176886554877025	0.3155883726789474	0.18399650037059065	0.10157195770690211	0.0477371544945045	0.029379545055762207	0.030224795943573548	0.040783284272869494	0.04670142222760357	0.051111177310369654	0.03431105452041268	0.0182413888308427	0.011598096790754409	0.018821038521869105	0.034455666341179685	0.04687369277527734
0.0	4.504593006141545e-16	-0.04224881257255586	-0.1119670916351654	-0.16338080370755118	-0.19065506882062405	-0.23854764594558195	-0.2876410683272624	-0.17176847011182816	0.40076792014916307	1.0420288148157035	1.0385801745597665	1.1224881407732603	1.2307462991217242	1.1272368849078285	1.2674391603646742	3.0633063991233915	-2.4825311495019604	-2.0365039064767183	-1.8032525496439336
0.9999999999999984	0.894586547608378	0.67719945750825	0.44117685666966305	0.2571357325869761	0.12645724251750196	0.11235184052577221	0.1122813036569642	0.08603473846312436	0.0676410004217155	0.054224757301742	0.04435339438352976	0.03610596311976215	0.03180638604097643	0.025124975002099065	0.01801804125869041	0.04451486315403356	0.05332983188179648	0.060909456888568816	0.08246997174286698
0.0	-1.05682820397299e-15	0.051157619853949336	0.25759825634910105	0.5843131234656564	1.3039107839654511	2.0884954567979044	2.411442029657175	2.683026905015447	-2.859724631144751	-2.1554790065545055	-1.6260543017459126	-1.4471512385114942	-1.6301936218356645	-1.9536751458013328	2.5086351936762243	1.799593469603597	1.5342616419610673	0.9204360521916254	0.5057573173719402
0.9999999999999984	0.9626636455484824	0.8748636164335777	0.764097843942368	0.6372607222213891	0.48038232382751606	0.34898069705879525	0.2528549062492231	0.1738829313337851	0.10492270845878521	0.06373465193064058	0.0472357876333205	0.05534087298287019	0.07328553572813741	0.0888276959348971	0.10999304900827	0.12491652851285294	0.13429805524915997	0.13426960457024423	0.12348226506065164
0.0	2.495775160241965e-16	-0.08635100521601832	-0.21819470819394432	-0.30240596815988036	-0.34397525874564655	-0.4306478390104501	-0.5683809212104769	-0.7244731099670985	-0.9116956378160698	-1.2949415358223535	-2.1373477509154775	-2.9449626330599057	2.8870829153045627	2.5654340589189393	2.3834057119410006	2.1733742690313003	1.9673731612740826	1.8082511935613153	1.6985744804922025
0.9999999999999984	0.978920639294166	0.9281852495074875	0.8663871297614218	0.7724926937810919	0.6610835986834169	0.559351558314067	0.45593826363667744	0.3467006650387979	0.24859194947090266	0.16732239293790974	0.09729133214744991	0.035447777655966885	0.018467952413154857	0.05251936850121516	0.0738720200042575	0.0910814772362734	0.10581384628393622	0.11593204634734372	0.11866951959661746
0.0	-2.250538732209234e-16	0.04696472052057199	0.1168904087157778	0.16115530256062904	0.18174482207563905	0.21894891135481093	0.26820550217537364	0.3261545563635866	0.3612326486338543	0.36353345415301036	0.3689683280038799	0.24964445474424402	-1.6084592166700464	-2.0105057138090725	-2.015328687353992	-1.9195075632147405	-1.8330966105649633	-1.7334898809358417	-1.5975939187707722
0.9999999999999984	0.9654110034365577	0.8814527524984921	0.7849789339072554	0.6535619390486996	0.49774060974547696	0.37308890777764037	0.28817667978828204	0.2227742529065735	0.1698652216707682	0.14162506378100234	0.12915098209304865	0.11605462431948259	0.09354095126057478	0.08868317992752785	0.08329105638769488	0.07092764430872668	0.062456776426457056	0.04379555626366367	0.025840580929217486
0.0	7.726565079688841e-16	-0.0750896912529343	-0.19681328050172917	-0.28910356281239574	-0.36573330792129705	-0.5132846669878866	-0.7171150176343278	-1.007090224173842	-1.2652097894191772	-1.4109317156069454	-1.4523519462319805	-1.491071994164454	-1.3705120663891575	-1.1896974958500421	-1.01160611288201	-0.8963577516749621	-0.8113510885649419	-0.9880946904166712	-1.689038582566807
0.9999999999999984	0.9697471723629881	0.8995443633244911	0.8071936786038814	0.6981419926733197	0.5654605897851156	0.44621573746666177	0.3465216972950313	0.26268406539848266	0.18522559797105065	0.12679040091488764	0.08233555952875721	0.053869413930358025	0.03151876203751198	0.014777715488766167	0.007742522016393109	0.009787192860059721	0.014629328090425454	0.020343458247445347	0.022430205336606304
0.0	8.049784381298155e-17	-0.10828892323618099	-0.2658831490709333	-0.3520374776379991	-0.38117631743224634	-0.4341638711974006	-0.5002131858617671	-0.5533403061156442	-0.5224427135509329	-0.48096853855646615	-0.5142033622680067	-0.5338869054455134	-0.413258814874729	-0.008606093122873729	1.027942526518735	2.1708615419009245	2.5395779985262923	2.553445657453505	2.6151517753158435
0.9999999999999984	0.9036551737446923	0.6941456845639054	0.48293097810689056	0.2831758740836751	0.11071583968121428	0.033124804026695806	0.016307396239052658	0.022166940860934403	0.03938999998733487	0.05961534237877299	0.08026437336930942	0.09196573523648686	0.08458146673841857	0.06529260983227542	0.045023465409149734	0.058940153702716755	0.08673324191925798	0.09911386124691497	0.09511134032772135
0.0	1.3495309262250084e-15	0.09262872708463102	0.23812225847502294	0.31157480904868423	0.3685691271133296	0.6551169569920694	1.7120568769344584	1.532103775793803	1.6999183782426328	1.647908632210582	1.6707014853953426	1.6427372949281251	1.60858611301769	1.5504928482008868	0.7903435878255234	-0.06701239336539735	-0.22045628916466398	-0.3632078601048256	-0.4900113248994452
0.9999999999999984	0.9824762710111081	0.9377140739695815	0.8871680146663197	0.8142342070743162	0.7185168814616621	0.6370473522886011	0.5689564269135823	0.4931827310265638	0.41811081944784384	0.36484242756630586	0.31997599373462254	0.2751616800696009	0.23197655150677585	0.19891574683082514	0.1747512918595115	0.14277817519146507	0.11790027194997205	0.09571619893560647	0.0844136786631825
0.0	-5.561843181925725e-16	-0.0585020509781728	-0.14777144706906784	-0.20656349388073553	-0.24342599429111206	-0.3052283793006459	-0.3835971130337322	-0.4804317670236459	-0.5568627252920081	-0.6171979511697603	-0.7014826998244148	-0.8110329413493903	-0.8811492624755246	-0.9211996603343374	-0.9411719075861478	-0.9504682181496236	-0.954234517331273	-0.8794723824032142	-0.7497026127087396
0.9999999999999984	0.9702022200040954	0.8972845381530322	0.7958084454154675	0.6982921147418808	0.5887299698401653	0.47300065442699263	0.35579250363183534	0.252503471813356	0.16474771438160085	0.1010075082898729	0.05118247478479093	0.020573488435885745	0.035698964302757666	0.05377716575776785	0.06430881231246253	0.07151557255810546	0.07801604758773521	0.08460575036577937	0.09470890298362007
0.0	2.8608031442673626e-16	-0.02366230885958565	-0.06239890577312241	-0.10669703221787236	-0.14419516750113476	-0.16884337847019015	-0.18330953263379499	-0.1772418472461933	-0.14463136219179115	-0.03528559870918593	0.20206059364966295	1.1989146109764484	2.1535078295001977	2.215912566706704	2.0621924062471617	1.84844350475429	1.6786671563101425	1.4836000088540795	1.3159088498902816
0.9999999999999984	0.9616386980947886	0.8644629894075303	0.7452881734680532	0.6514394650112636	0.5602085486672775	0.4672012624478497	0.3713541605423651	0.28922401366671896	0.2218697103748123	0.18035412136399182	0.14783256158369476	0.12639758346517246	0.09716071653742919	0.07598967444712519	0.05759136829583707	0.0377398055100688	0.016658996281681205	0.018469808475083564	0.01955415860461743
0.0	1.1256488025639219e-15	0.008762418114284435	0.03625934168825321	0.0897174437552731	0.16251344550047245	0.25569867518644895	0.3551789538338322	0.4972674438720482	0.6861774609205901	0.9456077289361688	1.1987333222928926	1.441214994145907	1.6139774692824513	1.7136896255649836	1.7639282996799612	1.8697217033687596	2.490032260559834	-2.9035139375823027	-2.4662911098916034
0.9999999999999984	0.9646010281138645	0.8803172080337349	0.75654477625903	0.6392395790191545	0.5178345961954457	0.4052870969508751	0.30392157901715233	0.23041031738949008	0.17338431068937504	0.13557933758797058	0.10467681079587156	0.07918315146028809	0.0630808226755979	0.048424364999600435	0.03226649177183194	0.006591782468783589	0.02510669764547346	0.046111819000560335	0.062160783404033276
0.0	1.2444820297602339e-15	0.020544261270915836	0.05944990193415537	0.12079447192243539	0.1915714963337886	0.26495403503231546	0.332502782075264	0.4080863345446225	0.4298573265970809	0.41187841673566783	0.29796762381082553	0.1666349094977742	0.11867629427030318	0.2660819002760495	0.30044125198971433	0.32585374451591737	-2.8795335183470208	-2.8540005231646584	-3.0542076491404506
0.9999999999999984	0.9436351968676449	0.802750495288479	0.654412389882801	0.5314619981400173	0.4315382285912243	0.3356227852740774	0.2554435127011864	0.18291930089944744	0.13232875659147983	0.09272665826993513	0.06039154264316544	0.04145351156569316	0.036476254433116896	0.029407626625849816	0.028716467963828415	0.03585134717161771	0.046661679850365644	0.056600382705512105	0.06351260787610336
0.0	3.0884132441382464e-16	-0.027946641873438947	-0.08144894481511257	-0.1618775870827506	-0.25096073578104267	-0.341304341014319	-0.4180093525462022	-0.5003045157343289	-0.6043700306336706	-0.74877374252224	-1.0349805619698507	-1.347586421896086	-1.3646554019420982	-1.0564786475602654	-0.42317552139253206	0.23336819115130772	0.7208350813792197	1.0429390241652448	1.2495332595767268
0.9999999999999984	0.9313014674446822	0.7664840839480537	0.5817606404968777	0.4243637118276854	0.3044876442910918	0.21047825992011351	0.1460862582869403	0.1109878425627116	0.08620917353518208	0.06378930892593823	0.05641532607420793	0.05077764203114403	0.046813963487745754	0.05166714898158353	0.0543997752852817	0.05317352633434451	0.05730936116529917	0.0576538375253564	0.06783868601207951
0.0	-1.065457172510761e-15	-0.04245000277067101	-0.11806211532403654	-0.21929254006844215	-0.3469256203230954	-0.5505629556152778	-0.8779862160700604	-1.268225619449336	-1.5910332661672133	-1.8265961759299185	-2.0851304674396385	-2.2957885997714986	-2.6996183384870838	-3.0619895065506064	2.9743469257745296	2.7947284418773575	2.567589702283704	2.2611074306491146	1.9424972875621844
0.9999999999999984	0.9809143790538718	0.9327345744777022	0.8631722140407594	0.7864916307514954	0.7060777593690486	0.6218496492649054	0.532272746192222	0.44531866462487485	0.3674167570186873	0.3019921599672822	0.24445894838572418	0.19460148841814873	0.15292715944501115	0.11502616336956176	0.0808823803273117	0.049415727989454004	0.024424240721342316	0.01397075691904358	0.023984626360838757
0.0	1.9806930498541713e-16	0.0301565222803683	0.08318262651606821	0.1523083094852855	0.21742903993051146	0.268764740863862	0.3099973441220836	0.35628705844568986	0.4101235206583847	0.4656655068888921	0.547954152587972	0.6366735962093537	0.7128492607749854	0.7683718838240274	0.8111104936500038	0.824780808453897	0.6846831099170467	-0.2941292586619785	-1.284541826317437
0.9999999999999984	0.9725716740784993	0.9061727899055159	0.8154420093052016	0.7052988483039843	0.5941075548090172	0.4855574718802587	0.3900837742806724	0.30636650059862913	0.24426017718780893	0.18413285183024974	0.13872699385965886	0.11551502588826802	0.10018221634566339	0.08229702311407085	0.07345704297629344	0.07221535881844827	0.07302880096855612	0.07311254154584511	0.07353931703464683
0.0	-7.277275259626893e-16	-0.05656246388767483	-0.15433760250878176	-0.28166016049397735	-0.40740984125077184	-0.53121424388142	-0.6596791648592237	-0.8275731439018383	-1.0434366076138584	-1.3073450123752675	-1.6087045690427046	-1.9092557609755083	-2.173446672081273	-2.4490995951756855	-2.690560970683587	-2.976917740880719	3.0856894271297897	2.9906019343962114	2.930290952692754
0.9999999999999984	0.9574147116593307	0.8633545263906559	0.7183176923268665	0.54549241781337	0.3769837697391297	0.24340920442174285	0.15733057930205746	0.10867585677733942	0.08290938967354111	0.06292410641083825	0.033721185909368845	0.006602952416462792	0.010321602211231377	0.01695909692696948	0.01320948639441358	0.00398521697614397	0.003919327798289555	0.015721845685921543	0.03127840730949694
0.0	2.029309002079913e-16	0.10018592738071158	0.27841082760558244	0.5208604059130669	0.7735438199930397	1.0468930054216816	1.310625770590188	1.6735273342333818	2.095389714859535	2.6443688553796703	3.1294773616632265	-3.107106279593584	1.109880008868921	1.438801418569458	1.5313784372299297	0.8779745636071383	2.0571528745641317	2.876316283880578	3.095055416208533
0.9999999999999984	0.9480391429672574	0.8251400558076868	0.6737990213817104	0.5154655328826457	0.3596668497697915	0.21590923072750595	0.1050793091843491	0.03667574937598667	0.04455256399675257	0.04591289465919474	0.04825833991493503	0.06553490268199509	0.0763947105144477	0.08394713915015783	0.09243190309163206	0.09936257882791841	0.1084944606656764	0.1202747914524258	0.11688431360452603
0.0	-7.099629943256964e-16	-0.039741312343994306	-0.10432433412605797	-0.17708462697440538	-0.24675814577304803	-0.33803845917342873	-0.5347502548040947	-1.303518009027668	-2.2411354740307194	-2.3066552857200104	-2.3403066056824002	-2.450884324186668	-2.559986912602001	-2.719060038192546	-2.839758635504373	-2.9638780174695905	3.113539522442411	3.050739442978889	2.943956414672738
0.9999999999999984	0.9379820688052253	0.7957236032722309	0.617180222089668	0.431375200607659	0.26490153263923544	0.13986660755461838	0.10320129729877618	0.13101162095113597	0.14625149044176633	0.1463917142526223	0.12759625249948817	0.09255419841127215	0.05556149729148134	0.02547569014626148	0.029959334914703557	0.058415165919757976	0.07832047182990277	0.08319201226825365	0.08097543114688431
0.0	-9.616987760298586e-17	-0.09610228181023431	-0.26833520604514927	-0.5092868410124173	-0.7952484578273744	-1.3213985378122897	-2.2484459629772493	-2.9321173399061187	3.0185233659932282	2.683819730339291	2.4276512355729825	2.2476323599566443	2.1818895310416746	2.530707443309705	-2.578436547281454	-2.4374021910270196	-2.6283389785523026	-2.9646846868157635	2.9846650946778115
0.9999999999999984	0.9316214303800661	0.7673081974582131	0.575060787296674	0.4381841399060847	0.3316713031346891	0.2526816236543801	0.2031071798331227	0.17566785994793094	0.14518290935372227	0.11741429265737738	0.09844665068758308	0.09005393255555254	0.08628036254339756	0.07641544259656947	0.05232306564097824	0.03390439345354894	0.04517687210106485	0.05066852154129944	0.03214180698821809
0.0	-1.5864645802848034e-15	0.009105161446172077	0.022096830118824913	0.03546570608136566	0.042766765475374065	0.05248757148657805	0.07594357021553357	0.1186820076145915	0.17004820234738968	0.23414452343697542	0.3058976543207422	0.31697060797090004	0.2611389809381074	0.17367287065108442	-0.05857088193012941	-0.954582621236547	-1.513592428643904	-1.6134649901784086	-1.7792607329456136
0.9999999999999984	0.9145633540748964	0.7188805695707905	0.4736425123835154	0.2962429374741314	0.18066057428241714	0.1272564848740082	0.09760328155958957	0.08255936265637605	0.06536466271605847	0.03711940643129045	0.016057532085875167	0.012037176254731715	0.053805877426994345	0.08224600756881657	0.08847067234745634	0.06659880265213651	0.04026108201288304	0.022060186476528038	0.02133131053820195
0.0	9.028662376268126e-16	0.0026597697644789734	-0.012965304058512461	-0.06144302542482663	-0.15970982658004532	-0.25945237728157544	-0.4151143378288625	-0.43911878484424155	-0.5414968591204143	-0.5700117938264618	-0.7009708356996649	2.082579034151796	2.369752343606273	2.3309970120055103	2.2381633628299165	2.0129388423349224	1.6446199468390281	1.0567854085507877	0.23655847871021618
0.9999999999999984	0.9615276697471713	0.864972641829594	0.7525083566445457	0.6273458713688468	0.5132259991435146	0.40236138770694957	0.30740911462470666	0.22668148249217981	0.1730464265811222	0.12529620849251688	0.10257428826983156	0.09260566137529402	0.08713692992752936	0.08396435332437478	0.08962521017288341	0.09301916853826757	0.09423314895431684	0.08500720654998455	0.0813095263173787
0.0	7.216530654527887e-17	0.04347333919147716	0.11944051109390877	0.22750990573019586	0.3415824190992177	0.4733191988857573	0.6356037378112992	0.8682234401116555	1.1380894675046878	1.494864399052277	1.9448841365643001	2.371587092700734	2.6603503294773145	2.9936098545562424	-3.0585404059326096	-2.9242232393425684	-2.8620828575194475	-2.8052876794705806	-2.7750197466838737
0.9999999999999984	0.9541373581372129	0.8402905735952539	0.6945092607919625	0.5657839972522433	0.45753605749121457	0.3626251949280949	0.2775393874205085	0.20510968133563998	0.14876320200878154	0.11570652209490676	0.10216871590018539	0.1101713586893315	0.11701576416003856	0.10762588883861794	0.09540725066036003	0.08588068764483892	0.07270960328894972	0.06859309724969834	0.08203099613511401
0.0	-8.217842058635309e-16	0.01257748993986904	0.039370244109270806	0.0951942520383253	0.16316810848487207	0.21323615365131526	0.23122303093621724	0.23820475336965255	0.17138843916906638	0.036086289180505965	-0.266898299611656	-0.5591781878031263	-0.6768423066128793	-0.7597490011088662	-0.7703952096258635	-0.8077624880609255	-0.7019206320764118	-0.383753991111964	0.03778730412321744
0.9999999999999984	0.9199749094932685	0.7365948913522334	0.5346305566892412	0.3930584084961772	0.27102448457683076	0.16705953127286377	0.08391342886189883	0.0865921992988589	0.11253569128845228	0.12135649424816101	0.09843522318867393	0.06884129642092746	0.0596130015534336	0.06545011382648289	0.08384465835307044	0.10822713579251446	0.11567169769218268	0.10942698372433418	0.08797133710085164
0.0	-1.88562042081377e-16	-0.048756182034799166	-0.10815626707124833	-0.12068663925582646	-0.09825882410141001	0.031642069264692534	0.4628908659668494	1.1523336986980617	1.2779066459332464	1.2033837077969687	1.2373751717389543	1.3906651441201674	1.715513892569511	1.9794633046513814	2.0637811560504726	2.0139839817382983	1.8212032422970228	1.4880004970172291	1.0858715634526166
0.9999999999999984	0.9635090797074379	0.8780112026713421	0.7428152587186725	0.5991789088337846	0.44866006473415826	0.311414930156629	0.18334018471065064	0.08484857536611971	0.030028793725355465	0.0291869113890729	0.03418575250141851	0.0328027830634154	0.028935037960882197	0.03631558934909047	0.05283880390471456	0.051651725930344804	0.044677074881235235	0.03930251115214476	0.0422904815298156
0.0	9.650264877689567e-16	0.002075862996467827	0.008282349462490738	0.017561987027031968	0.029808731515427928	0.05226582716861926	0.10201509190003342	0.23599303715094677	0.8960574005152115	2.1500069794326246	2.3101151980159016	2.064439453745151	1.3560520590297516	0.5710392171340452	0.14451579623526128	-0.1158998466069025	-0.3706492602069672	-0.7089568341487759	-1.0081922566268926
0.9999999999999984	0.9721448026229861	0.9036042841238678	0.8099676145545973	0.7169219169533405	0.6204991117662381	0.5242695606322271	0.4283672016283465	0.33974912100069843	0.2594409909705654	0.19999475342415696	0.15465100865960907	0.13048300510959826	0.12195139135054735	0.11739706917897014	0.11213911658063752	0.09994668844136638	0.0838066358124089	0.06957607080308498	0.0518726608274723
0.0	9.992802964392893e-17	0.00023064074773676235	-0.0007879451052695613	0.0002820234457328332	0.004127524321805882	0.014398794625308667	0.035360727124076334	0.0804692789786769	0.1490236908322307	0.2825857330234209	0.42724688380493187	0.5898341920608421	0.7511802639907834	0.9134694878624858	1.0214811280587683	1.1312718756196907	1.2118001355948675	1.2707839170174222	1.2018837413636518
0.9999999999999984	0.9694544973800596	0.8944326220488567	0.7998783930703021	0.6859686811146314	0.5698779285005648	0.4526273436659705	0.35404660101903984	0.27214599199764766	0.2205859400466748	0.18447500351276977	0.18122287951510088	0.19530703138933078	0.20820260090630283	0.21151944914902182	0.21752976403468116	0.21392557486912653	0.19576226937918273	0.18311386599731977	0.1690191786281275
0.0	-1.123731279660411e-15	-0.0651836844074321	-0.1814034795017739	-0.33785840822558866	-0.4983265958364002	-0.663132893367392	-0.8432682806324608	-1.0950158264922876	-1.4378974579847064	-1.911220428904624	-2.368285136465297	-2.7263460358466967	-2.9900598169787713	3.089539465836902	2.880865055542919	2.691215524681167	2.5038252010954585	2.28364540232832	2.034153545595508
0.9999999999999984	0.9558947120925899	0.8444509478318916	0.7045131275317295	0.5812718006137509	0.4734884966973992	0.37274017334123516	0.28235358413768935	0.20834765347209416	0.16669156390588183	0.15285600400798724	0.15329132785416538	0.1677312230445356	0.16829902095250504	0.16000712754214966	0.14412885245018303	0.12568730410306594	0.10369719034255173	0.08379377034462955	0.06539022007275103
0.0	1.379220770932219e-15	0.03360427830881432	0.10736076823094136	0.22084116971642526	0.3555205946861639	0.5136279767396872	0.6997637746653469	0.9682348341452293	1.3615204537264192	1.7440293887552605	2.0508625378970597	2.1787274467143467	2.2064066118397907	2.242637441242304	2.2990007065358786	2.349331581260489	2.41835578463955	2.4384253283016855	2.511767762082921
0.9999999999999984	0.9324109184028502	0.776131491062023	0.596167856257298	0.4634370721866472	0.35189959055038256	0.2600274576744124	0.1889617379417041	0.12561717897635719	0.06897257303833121	0.03847337286991072	0.0395267361269094	0.06155922259993463	0.07667108045978559	0.09152270989784585	0.08697084461918693	0.08435239486532004	0.07738758911067697	0.07173362907642268	0.05708768756021072
0.0	7.441884009459083e-17	0.025374987090708186	0.06909116681216068	0.1300132099347745	0.1845936165707547	0.23285745449368056	0.30540977538623165	0.4406170687708658	0.7791206342811866	1.6034024516854068	2.405580846287925	2.741815159675131	2.8450118516332883	2.939431181871075	3.0288407113701212	-3.034340906431814	-2.7841837164329473	-2.7350584987684172	-2.6027115972509893
0.9999999999999984	0.9384706821018807	0.8133850590084422	0.6278118010762394	0.4488122448234066	0.2800160043692004	0.16975551557792173	0.14389657243812878	0.15541099809215259	0.15358938484547777	0.14462425455839978	0.11187181446916138	0.09650265657272254	0.08128654342526566	0.09599885426472105	0.09568787837410521	0.11209139140524939	0.10416156724769675	0.09590851808457442	0.08468086452623814
0.0	-8.133214430527446e-17	-0.10352376022099656	-0.14118711539832143	-0.26951017144368566	-0.45778747963078387	-0.9030480555761637	-1.4864559475440313	-1.87183795979851	-1.9198519692446034	-1.891606776149625	-1.6582026954419273	-1.342535871639267	-0.8412823492804198	-0.3793747472908113	-0.06809423769229957	0.03667484813321965	0.11199567734009717	0.018226679626078223	-0.09721316988247225
0.9999999999999984	0.9622850324519052	0.890131817896566	0.7708371720126577	0.6614849707466451	0.5430783187862237	0.43520160747128767	0.33907109627569687	0.2569342755724515	0.18282250294570393	0.12544597985489694	0.07543514129680584	0.040829757764646625	0.02384636044622807	0.028994995441254206	0.0349079514065073	0.04338707736911919	0.04764111006747048	0.04944584970363774	0.06277368309911835
0.0	9.806757240387073e-16	0.15435036176996247	0.19138842974757367	0.28465111926393527	0.341963959354233	0.4201684853865917	0.5016337009280196	0.5975500986650348	0.714657943892832	0.8794013456617151	1.103496089132973	1.5170812730404677	2.482513695095339	-3.0591461968873532	-2.531557874109222	-2.241543530649524	-1.9518117897695642	-1.639994403425676	-1.3476917785082023
0.9999999999999984	0.9213102100003373	0.7699953842942412	0.5504265652478774	0.3762128627915711	0.20272721768186538	0.11287148242890896	0.14248041452428623	0.19878036159922302	0.21957622298338106	0.2051213662009934	0.16127290741036784	0.12185290175125837	0.08316976154445488	0.0690927868870056	0.08072832276511678	0.09179401500322384	0.10610820954292961	0.10436071307409858	0.10327802728137717
0.0	-2.0033922976264934e-15	-0.1602070543492686	-0.19229112845650764	-0.3221232410799633	-0.5097207628436722	-1.3048059568965704	-2.259637624471608	-2.5478307722182887	-2.7712888436855807	-2.8257712414683755	-2.9876090972069056	-3.132315773095637	2.8404532923010892	2.445452135047994	2.037343502395273	1.8052519278717056	1.4574957320912125	1.2545702442924462	0.972704163673479
0.9999999999999984	0.9595726767270304	0.8801369707096116	0.7516748845965175	0.6139160881308316	0.47292863082197123	0.3398805128526339	0.23217275007783453	0.14273777748789931	0.0742076569654109	0.01759781753973448	0.021126525398416984	0.049374212365015456	0.06500071856542455	0.07486414362847622	0.06614870611460376	0.06697914094428413	0.04409563152189583	0.02728495528374679	0.005256386060997492
0.0	-2.386306992503888e-16	0.17559928354477158	0.233682075310518	0.366032330263069	0.4724227084371074	0.6186754569941336	0.7707874639763118	0.9389556609734484	1.2007760448550815	1.514126149492631	-2.120661123656647	-1.6532872577450661	-1.4053061954565043	-1.2221897936571375	-0.9771183899847286	-0.8514396087329861	-0.6161093931045588	-0.5466443104098522	-0.15912428158166908
0.9999999999999984	0.9637520786999965	0.8920447357095191	0.7724977518859153	0.6656829592346608	0.5421820201841354	0.4306153140493108	0.3325792919846091	0.24595445864023613	0.18058178965175561	0.13536272730270807	0.11101684314485911	0.10422156809423358	0.09651432469291282	0.09919968169180751	0.08987361812579	0.0956487355383835	0.0902070448507229	0.09501870639586736	0.09724551668396411
0.0	1.439974876789286e-17	-0.07117827267631867	-0.10298282932302202	-0.16816401577835105	-0.22620364230274045	-0.3117343250687445	-0.4049033763454076	-0.5324642427734277	-0.7308368855469575	-0.9608512262683722	-1.277217642442404	-1.535021501940655	-1.6412837282764126	-1.6866230123248775	-1.5770526650824386	-1.4818319644457931	-1.2683857785005457	-1.069878607963077	-0.7567825441333561
0.9999999999999984	0.9461587129735496	0.8503175084200437	0.6837146455352704	0.5529879246748475	0.4092286587732082	0.3145715596178671	0.23274969056374184	0.19390281356476755	0.174363553521849	0.17568133975772682	0.18080917542257385	0.19621158230155392	0.19490465455767805	0.19567716260345105	0.18278259016085083	0.1588715435622285	0.13643820501640144	0.10023844368646725	0.0810728464085661
0.0	-1.2174029285515872e-15	0.09399320602939054	0.10567312486790317	0.1501309217633974	0.1632415842850966	0.21277362247492987	0.2952826377240467	0.45655086884505036	0.6693525616807888	0.8609633667308748	0.9927159465237427	1.0735204216163032	1.096718159052675	1.1266315562733606	1.1145555087522672	1.1021857716217687	1.0664923854532837	1.0992974001400535	0.9382592474797472
0.9999999999999984	0.9318014585627845	0.8021788505030638	0.6048407179785719	0.43851190478694047	0.27758488995239333	0.16084320165976956	0.08075689245508716	0.026189665650705442	0.012534731010686376	0.01086877873910792	0.018106545735383547	0.03629159952204826	0.0659177664449357	0.1036084189135106	0.1259121313869077	0.15642990686018168	0.17573817252640275	0.18594769409143722	0.18367970080509746
0.0	1.0053114517252689e-15	0.20316023700596558	0.2799603388326829	0.4531492873869984	0.6122074469258498	0.8338316210557559	0.9513249263629747	0.8105032707326403	-0.11632076285821287	-1.3268229292348022	-2.0197037978392602	-2.9951990409664773	-3.0488177174185385	-3.0184677565289646	-2.901960686239486	-2.781058480600621	-2.704001155635378	-2.6141061563534755	-2.5012824926655464
0.9999999999999984	0.9525447509833381	0.8606939009043042	0.7099418517389834	0.5421996894669353	0.37487688709125716	0.2274931765857745	0.11513423627513386	0.04966033091776844	0.04504863296640597	0.055972145614588076	0.056843732004226495	0.04868560634281211	0.040219267876859234	0.030507716439083538	0.041787059557326076	0.03443139107867727	0.04092111441608415	0.03650133995293684	0.04206563073972978
0.0	9.83419074075462e-16	0.10514510784478875	0.134156204946277	0.208304200704621	0.2723740021852717	0.387766982113546	0.607318032916663	1.3420682430183688	2.4039437170637603	2.874703027273736	-3.043828118258573	-2.852428274308099	-2.227218701846387	-1.9387071629724375	-1.103260684639163	-0.6835372075626942	-0.28056037243559445	0.29847443418494196	0.5599859099327046
0.9999999999999984	0.9143250480595464	0.7541133823016843	0.523528113893663	0.35935815423475215	0.2135212541654042	0.1374795328144133	0.09263802822084244	0.07273891392492467	0.06565925507398294	0.059577795566209575	0.06357480711498058	0.06614605716340197	0.06534721284803399	0.05707359590095037	0.054916809728013306	0.02787422836072824	0.020809923919074966	0.02934600997133791	0.04849538321093962
0.0	1.070061508789816e-15	0.010045813413752913	-0.002935868070946531	0.016493703768366404	0.030822274854714313	0.03506750155033833	0.0937876321600269	-0.15750423960290702	-0.326578791940842	-0.7905059897563411	-1.1100155737985868	-1.5099261541996662	-1.819706775605402	-1.886838356438947	-2.1102021539356164	-2.3174622106452167	-2.841285850999852	2.727161075118702	2.581150543303816
0.9999999999999984	0.9519882123345547	0.8576610761446958	0.708056927973515	0.5276153632039622	0.3578522133091578	0.1992224732857631	0.09311402591444311	0.014784444757100168	0.020326523781169906	0.03044884880910848	0.016079005902039926	0.009476424080730047	0.025758607462057614	0.036978783521240746	0.05070873908578125	0.04909262043905438	0.055439782570622057	0.05021986738550169	0.04969318317264166
0.0	-1.7566114886451551e-15	-0.0676921183766537	-0.08478441412306306	-0.1288876429127945	-0.1540549560000522	-0.2090076521201179	-0.2732474531132071	-1.0669463157943493	-2.87302422575422	-2.984046981084723	-2.9575771089278327	-1.7304103213510915	-0.3805103710178994	-0.3210609366606749	-0.3850957996620364	-0.29906243290958906	-0.5105413830216374	-0.6247927024207828	-0.7615457167507707
0.9999999999999984	0.9390584163401022	0.8262527861374731	0.6351801227122507	0.46610255653319344	0.2898854273170303	0.16974751684620024	0.09794475620561575	0.09503684245438625	0.10485820880467801	0.11626248949656807	0.11914488692921579	0.11956237486970184	0.09883673704600282	0.08650680035056885	0.057257444721538334	0.04458086686432359	0.03732644714272879	0.05100380522048552	0.067498635764399
0.0	-7.167527567691081e-16	0.040289458066550474	0.06382374440068064	0.11092100391899781	0.2201507929167688	0.4419985298825545	0.9914954887993401	1.545789532307692	1.9674538076163977	2.067993282995862	2.26723109051848	2.307824943626617	2.5647475191479145	2.6631041682037013	3.0247636266720614	-2.8355199614511	-1.7447238079237353	-1.6712418974049867	-1.3095334028380912
0.9999999999999984	0.9570451602873912	0.8763120377931389	0.7420934418398895	0.6270295353895822	0.5003177791638254	0.393165117847681	0.3027686197643443	0.22965403881920576	0.17108535522893958	0.12673405423441528	0.09388511071155513	0.06582871236499827	0.04618836690276304	0.029981004355246987	0.025555444943786414	0.02568462373717129	0.02231960459943596	0.01639654310386884	0.014114166521975832
0.0	-1.174553572890348e-15	-0.15583204833969583	-0.2077092646694981	-0.3270626685670263	-0.4235878468503504	-0.5602369548824125	-0.7099817627808802	-0.8757917453200731	-1.1092221494514019	-1.3154493070955056	-1.644302399675632	-1.8340917305773565	-2.273433347706048	-2.6835972824844423	2.903235689574306	2.2533202622399586	1.806042026833666	1.2312858243557292	0.8028947868923226
0.9999999999999984	0.9203708773167788	0.7737988067166363	0.5736430642607604	0.4036901837150886	0.2636008895853691	0.15281371178963618	0.08531233685211267	0.04797996498082461	0.040194835274413955	0.04600141263130885	0.043942411166992136	0.04045824483775384	0.029289480210818442	0.021863473285245807	0.014259427899723533	0.016919722008702988	0.01280676289176338	0.003684760911558865	0.011512800811473288
0.0	-1.1459639797260573e-15	-0.34057658103497	-0.46543418695564914	-0.7464645500717675	-0.9796206886177171	-1.292553988914399	-1.6995604839795473	-2.137927597291746	-2.863587888775862	-3.061756505749335	3.0702143497049583	2.949858658973301	2.994724272104572	-3.071039761555893	-1.9301398072064482	-1.9326066981882895	-2.4667281558329064	-0.1937907126570863	1.1506406375391862
0.9999999999999984	0.9647023320002053	0.8960575628877796	0.7744611693049657	0.6704411989808161	0.540091254596944	0.43414632880863796	0.3373804622694206	0.26419650997054983	0.20171104426772415	0.14956179072647346	0.10920625350380957	0.07960685517592384	0.05990672431309252	0.057362396248468756	0.0682189593111112	0.07741691041101716	0.08670424130817239	0.09424465773313158	0.09513574543588303
0.0	-1.8701234102702423e-16	-0.030272869781290592	-0.047299303961027286	-0.08507604897229552	-0.13189847246810793	-0.1975967571816622	-0.26995978865450676	-0.3647225944782913	-0.41818225060492453	-0.46757232534202653	-0.42281436853486193	-0.25708471282574435	0.11407321968225073	0.5039130338578985	0.8105381818344392	0.8739578976116125	0.9179950968911269	0.9225622928654039	0.8404706960285527
0.9999999999999984	0.9200687431710256	0.787444663130431	0.5752033348698466	0.43896805306929754	0.28969187786982487	0.20091189724294084	0.11992144476809768	0.08165117081417671	0.04481458419137679	0.044495463708535826	0.053781459615415576	0.06789861579311109	0.07165216753691159	0.05428376985338865	0.03887460986966695	0.018187342804408518	0.027724387567649153	0.04334223765883984	0.04805882658373734
0.0	5.203781597008353e-16	-0.15202827252459136	-0.19231257807539512	-0.29103814278658746	-0.38583400075072266	-0.501041427471954	-0.6755980222202237	-0.9509116874306633	-1.4625660099043547	-2.198408196607322	-2.916635507154611	-3.1134942075573577	2.9106040166772793	2.750809116370561	2.240313182866151	1.079060432970051	-0.3314454033871281	-0.6294761692178388	-0.7815356843236427
0.9999999999999984	0.9414952409736047	0.8310732098312108	0.6582473468936552	0.49400677357661965	0.3341842175766499	0.1921096856051271	0.09512923033793867	0.037841966165224714	0.04391351634564041	0.04309328057958085	0.051060371306799975	0.03082993383822114	0.032140845610555864	0.04281051093634554	0.05553395735542654	0.06164726549164632	0.065695567035096	0.06173197614415232	0.059711195815770834
0.0	-1.0465511576414335e-15	-0.19019792186537304	-0.23729199563233744	-0.3665872749498622	-0.4559421032143978	-0.6168150759606059	-0.9030335382830376	-1.6890857117532179	-2.956311326590498	2.9816731182323455	2.951153427004322	2.9513925426616705	-2.8899891190032614	-2.373052939559919	-2.444235205177465	-2.4792703173836994	-2.724588980158312	-2.9318048618136046	2.9099320692077786
0.9999999999999984	0.9723080879700409	0.9152460085732601	0.823476810118154	0.7266249998843809	0.6220183096507698	0.5076212789381346	0.4135827240277768	0.3160730875168312	0.23973729235961425	0.1719653259174154	0.11621441111244128	0.07271394751283819	0.04084348033869013	0.02642598315442232	0.03784443105636277	0.05847972039908076	0.0652915406407705	0.07573030107072602	0.07915421416421552
0.0	1.3916209563646059e-15	0.12176915277616908	0.1592161654997242	0.2507863481977746	0.31796557494683136	0.4150233273809387	0.5175515773529507	0.6459866629273243	0.8076836894467653	0.9952305431880235	1.2774629562640505	1.578379108664058	2.2413885921027026	-2.820848562859468	-2.128743977594285	-1.7009058693308827	-1.4042763351447884	-1.2966558462076974	-1.1227855448364918
0.9999999999999984	0.9613084956605445	0.8874495939346496	0.7617763832598053	0.6442181739631064	0.5095094454296382	0.39070604613883814	0.2861128011882387	0.19879728940808947	0.13037011640690632	0.08074389068047408	0.04020836114130142	0.01665397867904308	0.007785874719601271	0.010398533927807197	0.01298926014174774	0.011023113146975135	0.017403949477293762	0.019879841545935122	0.026171714063972475
0.0	-1.9489075177345765e-15	-0.016138815411007545	-0.022462466750404586	-0.03398333607584274	-0.04408533796700461	-0.05840306504999097	-0.06878213537210223	-0.08008970927448082	-0.0961761103679083	-0.09459464658414568	0.013271936558268738	0.07702958355536435	1.6932678768446372	2.2687022058520028	1.9027161809502207	1.4942933624184036	1.0176261135863311	0.6926930543784584	0.6297759043681905
0.9999999999999984	0.9783950606421772	0.9319262299510466	0.8661314049630838	0.765643099725124	0.674357723782341	0.5552844610113467	0.45469938101588553	0.3513920862036556	0.2576184422534826	0.17930789422137386	0.10619993163445486	0.05242772106341595	0.02039276619043185	0.04757355115468462	0.0738036377163582	0.08785797558614279	0.10118544952049183	0.10451550522589752	0.10316379593346435
0.0	-1.8439508615586595e-15	-0.21165285274951873	-0.2729758780007418	-0.4188530651106036	-0.5261304529870307	-0.6606589470663773	-0.7938008112436383	-0.9268760740913371	-1.078935040777957	-1.1654346854633204	-1.3170640075823616	-1.119253203484201	-0.1011618677449216	0.4627416959132713	0.5718572109739268	0.37308340426114955	0.2148250096222838	-0.09408036518489961	-0.23388796245229354
0.9999999999999984	0.957766716782217	0.8774662695011747	0.7415258247586121	0.6413213777235822	0.516524199967899	0.4269364485733105	0.3414914017272258	0.27899923728206455	0.2218252863495579	0.1828406353738567	0.14490555557046492	0.12602534898242274	0.10929444107446915	0.10324499121637086	0.0961385901598835	0.09508933688542504	0.0950247444373192	0.10159249691466499	0.10315336132155821
0.0	-1.956114491375628e-16	-0.06224271963529507	-0.10248655341906121	-0.17917913769575194	-0.26513723001844924	-0.3768002715274885	-0.4842232177398977	-0.6030111755382183	-0.7275275356605643	-0.8590631431445428	-0.989081854082407	-1.1355922208584466	-1.145157721452113	-1.1996913598317689	-1.068459035967696	-0.9013604262129006	-0.7328624532628278	-0.5051209215637579	-0.3956881807175119
0.9999999999999984	0.9273121589559428	0.7517934119107036	0.5635206474605697	0.4170536410055851	0.30871530115806334	0.2329643683468921	0.17352738845142593	0.1356378578850985	0.12380429851894802	0.13269534464707455	0.14732906415612018	0.15517323198030872	0.1481837394314473	0.12026682901820213	0.08753567653321358	0.06111710647511944	0.058763156550075045	0.06456806091869033	0.059170423324839704
0.0	-2.338375836042533e-15	0.011998901223367234	0.010717069458030028	-0.02361916320535752	-0.07661748322874971	-0.14299764497762193	-0.19155461400913318	-0.1443356925388437	-0.04720075535111285	-0.004413353711357645	0.13038922661016525	0.27469601989311365	0.3472231750254404	0.39137655165402946	0.3067585857973102	-0.010298182855589718	-0.42602651073771414	-0.4870206736154332	-0.4096777715410945
0.9999999999999984	0.9720893031717963	0.8979645605016697	0.8075076016272189	0.7039304945508577	0.593411829245704	0.4841817581688675	0.3784318336706752	0.28525168621583863	0.2151114299458769	0.15373065567548116	0.10597886464733929	0.07633025414847616	0.05429926848263854	0.043001621247588925	0.03719250187636279	0.03219144044157979	0.030695327836302473	0.04030118384982246	0.056602899154761424
0.0	-1.1777904462161874e-16	0.02632472906948466	0.06874206421361072	0.10863756696187922	0.15609798343884634	0.2087571620993118	0.2620091981361935	0.33661652372847806	0.42180691423059674	0.5194790557837898	0.6420524269266709	0.7340530876740833	0.8808669572779251	1.0014458144026992	0.952988405938009	0.7953481178446888	0.4814308146198545	0.037650117677997426	-0.25958915527400866
0.9999999999999984	0.9589179396039137	0.8607919725732207	0.7357297485359148	0.5919805372651998	0.4414305586012269	0.30698958012610994	0.18793238617241104	0.08964041026538846	0.02026293113137214	0.03871374378786455	0.07863815379370652	0.10723253979857217	0.12491134771581722	0.1286255709022015	0.12832318424891176	0.12340354790138384	0.11427890790179919	0.10907457699738615	0.09648063502446699
0.0	-1.0130638988235768e-16	0.06383022365900179	0.17359342824323584	0.2854486380065158	0.4130726020853729	0.5728847191845929	0.7349008187665493	0.9629920293593819	1.69388981214768	-2.290076069126809	-1.9142985118674736	-1.6363949311610344	-1.3725029349609486	-1.14441739421131	-0.963827854378647	-0.845802554511226	-0.7159568142586273	-0.6154116674897405	-0.4537933059261338
0.9999999999999984	0.9535946622102282	0.837914148972645	0.6868918774945935	0.5164018806529023	0.3379190855675967	0.18259946930175014	0.07038721875617489	0.012142533232640676	0.07501400635014854	0.10897160420893875	0.1267085215150919	0.1274959247540079	0.12176492543600469	0.1126939201611976	0.1020098333382573	0.08453382421232322	0.07089817091729986	0.06622716214173652	0.0667015905072952
0.0	-2.2557352672523894e-16	-0.025731319970517377	-0.0715042288468376	-0.11781375729287549	-0.1710227566480599	-0.26538514554275006	-0.40328555503833097	2.8224244950357975	2.6910555523034976	2.5855993787068083	2.43869792073413	2.273356868368949	2.113195494634647	2.031255304527531	1.9678304669880864	1.9301698632816022	1.9606316189617206	2.0099600790795003	2.1073468615563757
0.9999999999999984	0.9298940507813782	0.7655368573122041	0.5921645454474338	0.4432979663669511	0.31481801781844565	0.21503186770549032	0.14358186077698518	0.0994286534910111	0.07333131487873608	0.053858712315634716	0.03911046051962083	0.03325242956276687	0.04657309914220725	0.05180249560096235	0.04040794392093315	0.03178140495260472	0.029312412536663415	0.03678999313009179	0.04944450442827202
0.0	1.6901489668789058e-15	0.011669466520447742	0.03611844638689252	0.07136328448880654	0.12191577455387631	0.18204312911839188	0.26598644268746435	0.39606700216636936	0.5348113080616306	0.7077489340746707	1.0739419524501832	1.79315090003472	2.3799264443199246	2.4973465031409745	2.421603903310967	2.187701890924857	1.6370081455988466	0.9724398260186762	0.5148347112675628
0.9999999999999984	0.9622725064978169	0.8681256886864822	0.747374747137175	0.6142421736420982	0.4728985776866346	0.33924934311413363	0.22811355707188988	0.13792791859267156	0.06340249078516826	0.017670598657342936	0.046106019168754245	0.07447253233451574	0.09477195510629216	0.10800035116292486	0.11466573873566223	0.11241966662717318	0.10470090059024288	0.09942113092677793	0.08898475433353642
0.0	1.7666814701424993e-15	0.014893665777889472	0.04139216915871106	0.07275965351858917	0.10655919724631013	0.152637114962124	0.21155680624996157	0.29653093510542855	0.568329472676974	1.8231612790287508	-2.8079911216420412	-2.503539870028516	-2.3121137606426596	-2.123497544776206	-1.8823223457908151	-1.6952012337144724	-1.5690531087316595	-1.5363916361702339	-1.596367307735253
0.9999999999999984	0.9440327469345121	0.7984912859898086	0.6329898685989773	0.4705706404270852	0.32479021710338823	0.21316881363049425	0.12912399768968583	0.07036677127593767	0.04993927427488277	0.06093852925323144	0.06994144462655244	0.06208461159520716	0.05637355687673974	0.058926928955479733	0.05534683045519039	0.050460475534889034	0.05142088327756185	0.05567782483729671	0.056824519737202664
0.0	9.922862104829701e-16	0.013526388136889918	0.03454832482786073	0.0558555479749559	0.09876398158532741	0.17468262798184717	0.3207081561772366	0.6914930178585429	1.3421204643551679	1.8430449184861413	1.8898985015134535	1.7330885621942638	1.424931519571468	1.2518915550703373	1.065094806363254	0.6673242700075619	0.41092602732854516	0.19231240948446146	0.1857856263461106
0.9999999999999984	0.9567254565641755	0.8493126866496692	0.7047854895617682	0.5426987944560941	0.3780157889539068	0.2398750162155653	0.1433617143662982	0.07674188287739428	0.030205163500654934	0.02026621467086051	0.03421969215580939	0.035748634636738774	0.03552748713906832	0.04321732878766099	0.04945998991741215	0.048741780933131	0.04681460560481514	0.04459026227323261	0.041793190196069016
0.0	-8.449457827831586e-16	-0.014696399506950737	-0.04585328786717816	-0.08220707959897076	-0.13686013853718237	-0.2304417198574913	-0.34773988834170655	-0.5325306988275029	-1.0688406083295254	-2.5182653485561115	-3.1065119820510922	3.1240850587569056	-3.0678270392428697	-2.8539148255585705	-2.7832133454566894	-2.9609058526217495	2.981662142003196	2.6183469280716603	2.035966214161138
0.9999999999999984	0.9704486033535012	0.8927755377264236	0.7952222979855549	0.6864817834747182	0.569702596993637	0.46133573875439204	0.3585778525775552	0.26515333057093354	0.19397663810256346	0.13971526760098368	0.10234537664318136	0.07514695096137539	0.06839967173990824	0.06229042857936407	0.04922684103519996	0.038198340018072936	0.03966019379758714	0.047964933927526356	0.056123520287755684
0.0	1.2477085154717305e-15	-0.04739521516414745	-0.12952696815461173	-0.21761903033713847	-0.3251694137438359	-0.46725758807360374	-0.630616749905981	-0.8506369045127395	-1.1106506915715955	-1.479665615280859	-1.9130893429538816	-2.4104852943572803	-2.9244977771540057	3.0399902095151408	2.733462811894253	2.236668762034931	1.7328860656196716	1.2975734743519205	1.0902994833508302
0.9999999999999984	0.9682536182006243	0.8846745461873686	0.7850559171736928	0.6720577242854855	0.5542442456046842	0.4426688672390353	0.33171911446127217	0.2311966420134063	0.1542585138002387	0.08848837522793708	0.03542882191459702	0.018795875897857375	0.05289690374623806	0.07772418660742779	0.09580370410123261	0.11037879920790974	0.11755460312880069	0.12909549565313677	0.13688916927614517
0.0	1.1824562001352245e-16	0.04088930167621849	0.10804339152633496	0.17303794972555553	0.24806009268967572	0.33149582172985725	0.4116066645567617	0.5079404027371405	0.5908872856135424	0.6728659826101745	0.615675315295727	-1.2030960458471909	-1.871541623783273	-1.9756733644135516	-2.030327348021417	-2.126015944259302	-2.145286124234019	-2.1233627556026864	-2.0729676979112464
0.9999999999999984	0.9742401517663731	0.9082020003905285	0.8256551092513119	0.7340525995202125	0.6350655721518972	0.5314590179128582	0.428320622470855	0.33676129018415624	0.2600959094809663	0.19108788535451893	0.13191309640897414	0.09101810503893527	0.05949089761075882	0.03324169679378366	0.017379845786674855	0.01045586692601746	0.017946805469631236	0.03490435649449148	0.05103361693640166
0.0	-9.25907442710549e-16	-0.016483387229628558	-0.04369218847105997	-0.06735784003543317	-0.09092182100088807	-0.11398556785404806	-0.12751575610510377	-0.13237606689241813	-0.11816456728715426	-0.07572084097252468	-0.004735730143490743	0.051492895799970795	0.06300381239156798	0.013885641583927922	-0.0021784469555862925	-0.25824914404366933	-0.917107166135352	-0.9743480930067185	-0.9147108331880182
0.9999999999999984	0.9291122021361956	0.7525252640917413	0.5611929233276598	0.37327283117118704	0.2298429535771807	0.1867756866533953	0.19297915147182518	0.2166416408255241	0.20955062907853994	0.19485013230410994	0.1707027398411093	0.13510330686653255	0.10059174051955304	0.07261615028520568	0.07279257008934638	0.0930793710363928	0.10095685225044826	0.10018789627141611	0.09716965911172648
0.0	-1.3554974745391937e-15	-0.08142231101661326	-0.24500959206865083	-0.5078014506687515	-1.0192747065103236	-1.753254436965932	-2.3359041326678414	-2.7629712138712366	-3.085197078129691	2.859026819518912	2.5241963554940425	2.1612279842450546	1.7284112894128494	1.0974193989818328	0.3037174896195588	-0.17395769737114114	-0.48176759623141874	-0.7741177798986699	-1.0191750535301258
0.9999999999999984	0.9161962844436748	0.7323535948082004	0.5162916740024281	0.28904346097693	0.10508769664728093	0.0791016332961707	0.13828839295870476	0.15416660877363508	0.12590395363858553	0.08334956234361489	0.05269205922567502	0.03238051349947219	0.005421195473805225	0.023187337840268718	0.017081990921078618	0.00995471253753435	0.01955075456094431	0.027864678017089736	0.018892531202866804
0.0	2.9536996258034776e-16	-0.10594982528054475	-0.30418209408240093	-0.560433362601734	-1.1748749489740522	-2.981815165171965	2.6382549501939825	2.3781084867201256	2.208085798046024	2.0516251021321503	1.8986319070004165	1.6450767646327584	0.7165585152252747	-1.2241267490830126	-1.6258443448440012	-2.9697755237484738	2.105444971205422	1.9146297838924213	1.0937148517685065
0.9999999999999984	0.9005704760697781	0.6532423161485212	0.4201870944602623	0.2274292160108314	0.14010082393437567	0.1308549678816862	0.09516186232547977	0.06633663362369413	0.05877172365389049	0.060230191618389405	0.05301695880484482	0.041130229216604766	0.05101161621574029	0.06755205586057045	0.068971635913958	0.06854989072505206	0.0782296738510661	0.08449977354372017	0.09015448900461845
0.0	1.167307228446708e-15	0.08185496070938407	0.2821594501241244	0.6851620051275024	1.5373556137805702	2.206123226975172	2.6740026327650916	-2.8527469304260764	-2.0112866054030794	-1.5292282605373502	-1.0545824192807922	-0.4328806310558598	0.14474564449932661	0.43193877597129526	0.37740226172459285	0.025987006032683224	-0.22465844447465266	-0.24369159467272822	-0.2399458459307139
0.9999999999999984	0.9649690816895193	0.876393496758299	0.7622425457876201	0.6227882986770444	0.47388035417179836	0.34355666101787363	0.2371967266210618	0.17323183868825395	0.15624528261852041	0.16739326418267822	0.1774002754830611	0.1748450840342417	0.16148199812793257	0.13527927203294776	0.10396413898785882	0.07469121908000265	0.0477273166250061	0.028315392437649613	0.02444683557368856
0.0	1.3662508641562547e-16	0.05495092551524769	0.15294171527204792	0.26533567880979014	0.42294542121856793	0.6519535437694447	0.9675535655467181	1.500035246289769	2.108629709100429	2.593516711399865	2.9287073679737543	-3.10624510624542	-2.926701852240155	-2.7693190521406166	-2.633228280705949	-2.4396667425534453	-2.377970960997832	-2.6825475840090105	2.85034892321419
0.9999999999999984	0.9864187416508906	0.9501271660964385	0.9015409444688522	0.8458021584966449	0.7808741172705933	0.7124912198466345	0.6444993635113729	0.5739192345946387	0.5044752559295784	0.43493445256237934	0.3667652483442547	0.3057124709174706	0.25361112402609365	0.21083655034766882	0.18011323722805916	0.16155745025085172	0.14832518437351974	0.1403600620329849	0.1426298201136786
0.0	5.275822739560499e-17	-0.011556724423905124	-0.03171811080273356	-0.05252186536700772	-0.07701160407702003	-0.10441963673804347	-0.1301558363385875	-0.15968999982911294	-0.19492193052080217	-0.23236330375314043	-0.2702932087887503	-0.30994702318699574	-0.35266937884016475	-0.41059484570250054	-0.478977181070929	-0.5219826037038946	-0.5492231706820514	-0.5667458721472819	-0.5569497353208263
0.9999999999999984	0.9583027204745381	0.8576919462580308	0.7434345709016855	0.637173852520058	0.5388165373534313	0.44504291191438594	0.3491684475044484	0.2707017694950903	0.21543132834470963	0.1764183658742118	0.14565931703101956	0.12023762982996739	0.10519257896372236	0.09415876450107374	0.09098422294963365	0.09501784529818867	0.1015657538837342	0.10624117425788099	0.11722462325607173
0.0	-6.987387674277595e-16	0.03724901205375449	0.10749809018687174	0.19097788074522865	0.286515483485197	0.3952435655279467	0.5160579774471798	0.6780282797276245	0.870226941133623	1.0935981832306327	1.2837117169573327	1.4453139108796484	1.6884156846797838	2.0153998821031225	2.35086948183665	2.640650729743582	2.846898473679896	3.0446007179655385	-3.040495928322076
0.9999999999999984	0.9602687548441945	0.8678787362314834	0.7525180940221017	0.6237225081731146	0.49309707474565606	0.37705977891885206	0.26693711021241484	0.17627260014876367	0.1164393619381517	0.08025177819864258	0.05635909990769025	0.03965266108885889	0.03082602705210823	0.0298515536922172	0.03190818208975883	0.031010891077798	0.029186301348625276	0.02766427477142096	0.030993505863698898
0.0	5.311103785938877e-16	-0.07695233259761826	-0.21278884432691716	-0.35337976104909724	-0.5201115490474182	-0.7134530623377082	-0.9107774384161593	-1.206363233290394	-1.5998797881618403	-2.047996842440557	-2.5192481114669385	-3.002378151186398	2.7937323882918377	2.3105091549704326	1.9744024354046827	1.554847245441313	1.2188965248679346	1.4009776489939918	1.760067397387945
0.9999999999999984	0.9218202101112867	0.7426368408521901	0.5374730545731295	0.3600124435675131	0.22881769060742277	0.15354930042619175	0.11966536359407065	0.11122031277386342	0.1139290678747063	0.10738035965184545	0.0916097579473851	0.08057186605551242	0.05925972614514033	0.037204188420974976	0.03191901840403411	0.032983389948848675	0.030354214856766662	0.039909450120789176	0.06378713387728749
0.0	-1.6560242898941182e-16	-0.049904759289779166	-0.14363494996827972	-0.2725909385040776	-0.4680406535663453	-0.7675199002727924	-1.0195957629000427	-1.0498926690258246	-1.029977773652718	-0.9912005132531412	-0.8924487252089511	-0.7874045995663119	-0.5630580050023363	-0.022928132936554515	0.8437524662102547	1.508670257437908	2.1234078058574077	2.8461633147767076	-3.111609795104832
0.9999999999999984	0.9585179454233262	0.8553189217385836	0.7292558034457374	0.6071120379934993	0.4860944838716718	0.3761467774741004	0.28274223497879336	0.2094026041856503	0.1613139086406384	0.13326295545898395	0.1226780834457079	0.11757328902623358	0.12290898619259283	0.12554804710138773	0.1181804167719581	0.11155947187056488	0.10665484619382658	0.09612733915961488	0.0868900509115821
0.0	1.386304960635218e-15	-0.04074065157212414	-0.11090301664915933	-0.18552502517825392	-0.2821638675454068	-0.4205680498978444	-0.5861604751792809	-0.814814144918363	-1.1144423229774785	-1.5195836489372647	-1.9248617319319075	-2.2931768047594208	-2.621874311161526	-2.8421405131595283	-3.0193200587683564	3.09163585646667	2.9165102188175105	2.676808852587513	2.423897520060699
