12.0	20.0	20.0	0.05	6.0
0.9999999999999981	0.9374790455674791	0.770151436012834	0.5492062754364847	0.3337533071174795	0.16716916993823866	0.06478799565357769	0.016904502416309808	0.0018955518011558052	7.753263012892158e-5	1.758413249945061e-5	0.0005707265338980511	0.0009642468995088205	0.0005034979869326232	0.00026479875171411376	0.0005614847494904235	0.00030747674505331505	7.102302752508817e-6	4.8660695818527706e-5	4.591330989250995e-6
0.0	-1.5405898080461074e-15	-8.42481624182188e-15	-1.8880994813144346e-14	-1.7572348921158844e-14	3.9726177352813384e-15	-3.347962791270693e-15	-3.445046782965041e-13	-2.0174037081270346e-12	-3.1415926535331895	-2.8142169944125823e-10	-3.1415926535855325	3.141592653587992	-3.141592653589009	-1.080947779254721e-12	-2.1077568169628826e-12	3.756203362223611e-12	-3.1415926532369753	-3.1415926534752505	-1.4334771068088417e-9
0.9999999999999981	0.8984828090414593	0.6464353461109754	0.36223378233936854	0.1485165652750294	0.03819556308527504	0.00303829961939755	0.0010241056711603157	8.802118011434622e-5	4.1582901197203704e-5	7.801428012559204e-6	4.014394676574891e-6	0.00012960824664370505	0.0005571679505710696	0.001867992250321999	0.0019633017242065556	0.0001185690043619433	0.0017402923341830274	0.0015684752477505954	2.788110785269406e-5
0.0	-1.599568775678533e-15	-9.610527128375282e-15	-2.993080225960435e-14	-5.293536955790957e-14	5.922238098282249e-14	7.768141990193878e-13	3.1415926535806484	3.141592653427284	3.1415926533696426	2.282498437112503e-10	3.1415926535393903	3.1415926535887007	-2.8284077581302887e-12	-1.6368892188027552e-12	-1.3858546656754947e-12	-2.1744355233351804e-11	3.141592653589426	3.14159265358843	-3.1415926535307537
0.9999999999999981	0.9819725195190219	0.9295903692418923	0.8477206652157326	0.7437355984321135	0.6265336646580977	0.5054051008144292	0.38892262905425296	0.2840251822365375	0.19541936827500941	0.12536058832422117	0.07380607482279535	0.03886945678646395	0.01746235541465891	0.005990000599269754	0.0009762532118628481	0.0004755751102590765	0.00043466920963665325	0.00010759176592429346	2.517302734073163e-5
0.0	6.873798689068679e-16	1.999933655055339e-15	2.3259289299521663e-15	4.04141823879279e-16	-6.382700223064669e-16	-3.1558976873007597e-15	-5.526759554241099e-15	6.855214664975932e-15	-1.0223305125102268e-14	-2.7239519014800783e-14	-1.9472564218989796e-13	-3.050204124620284e-13	-4.58879231086568e-13	-7.482649368056523e-13	-4.6562219387203374e-12	-3.141592653581656	-3.1415926535824794	-3.141592653522072	-3.775354223427216e-10
0.9999999999999981	0.9615357019676524	0.8540650066895153	0.6989166023545031	0.5244571677928153	0.35820239899296746	0.22021811324373408	0.11984200736986157	0.05623685272397348	0.02177175312362168	0.0063801800719734255	0.001124451188492168	7.0097089916970345e-6	4.421576201200153e-5	1.8731099457633095e-6	1.1439586326766415e-6	8.501332891954357e-6	2.0050053007943815e-5	1.1324287375743997e-5	6.566886998253613e-7
0.0	-5.836825672916978e-16	3.926112109298596e-16	2.1641873036400825e-15	3.3093229484087837e-15	5.9674326955548314e-15	7.124001042956597e-15	8.806280061744348e-15	6.589056416111703e-16	-1.06834606565422e-13	-7.904652371630954e-13	-6.237045511001175e-12	-3.1415926533495386	3.1415926535788907	3.1415926532261573	3.1415926524429776	-3.978883661158828e-12	-4.5974108142359487e-11	-2.1228294252842845e-11	3.1415926518480575
0.9999999999999981	0.9133604981088287	0.6925945628076746	0.429208368504329	0.21060761216169635	0.07701881850676852	0.018441837618500566	0.0019423536418604723	9.9873191705743e-5	1.2911674814942898e-5	1.8366246403816486e-5	1.2981806535077338e-5	5.364324662035025e-9	2.2961581715057536e-7	9.269799155015987e-5	0.0004488187382341258	0.0003670232256030917	0.002113147744503971	0.00822323730002523	0.015847563843637363
0.0	2.7989450569719096e-15	3.883967132789778e-16	9.048481839027106e-15	2.3312941857009742e-14	1.923552759795156e-14	-1.7657844040252711e-13	1.3097167519423634e-12	3.1415926535258953	1.0865290236534075e-9	3.1415926526765032	3.1415926525633564	1.1953280964233376e-6	3.1415926242115684	3.1415926535533623	3.141592653578093	3.1415926535792824	1.374687831725623e-12	7.930220844546016e-13	6.921881370991112e-13
0.9999999999999981	0.966479661692539	0.8711865884975908	0.7287835022704344	0.5602002131674588	0.3883201487225765	0.23355616441007393	0.11036156066069118	0.02541076930427119	0.02230476514296875	0.03973417697346979	0.03703683104542136	0.02468789601088751	0.011160734338370839	0.001649744472362897	0.0020672504253460857	0.0008592513820363581	0.0029988840281354474	0.0070664674352732895	0.009617027305152894
0.0	-1.5215119869791092e-15	-2.6560357017582925e-15	-2.054993634613959e-15	-9.730175757755634e-15	-1.403175980632049e-14	-1.9981161611045772e-14	1.13014932575313e-14	2.173320119260303e-13	3.1415926535894227	-3.141592653589723	3.1415926535897403	3.141592653589752	3.1415926535895844	-3.1415926535872023	-3.3523173620605374e-12	-4.937806017476115e-12	-3.141592653587264	-3.1415926535887366	-3.141592653588764
0.9999999999999981	0.9422349943878314	0.7861751963925409	0.5760255613761247	0.3645087552788256	0.19309543021071918	0.0803087403880161	0.022024201837597054	0.0008448317721745351	0.0023171567693112947	0.0005723983479308099	0.0005484857687191762	0.0004696680734927337	0.00012011007083822313	1.4728640491050999e-6	5.717833412577666e-6	1.9910385410027824e-5	4.4945553307703424e-5	1.1552213206479126e-5	1.8828164159846073e-5
0.0	-4.035943620062384e-16	-3.166705433309421e-18	2.3117833046777957e-15	-8.530965826469883e-15	-4.008569549118966e-14	-1.3244573546451987e-13	-2.787923951343644e-13	1.2367260742662868e-12	3.141592653589072	3.14159265358498	-1.828398118247913e-12	-2.635861750983825e-12	-2.7498663541366885e-11	-3.1415926509319267	-7.173178059494355e-10	-3.1415926533981247	-3.141592653576348	3.1415926533443184	3.1415926534674514
0.9999999999999981	0.9551374468339704	0.8298697164287885	0.6495999735469465	0.44896343186670284	0.26284666978663807	0.11802762071953624	0.02782943597561433	0.008947991931679996	0.00501478906820588	0.02105149819473002	0.05099067693860549	0.07164078206777234	0.07714184679993127	0.06843605433176003	0.05084645844703266	0.030985149823571815	0.01417908257620478	0.0031314858606822558	0.0020844464980739443
0.0	1.675908140378636e-15	2.9181445956268735e-15	6.132968316192995e-15	7.09463724021244e-15	-6.624099185389598e-15	-6.960911709668529e-15	-1.6842797174566577e-13	-3.1415926535885923	-3.1415926535866823	-7.944181945884091e-13	-1.686852521186002e-13	-1.0448190163900819e-13	-5.313724242132797e-14	-4.230107263401699e-14	3.276958767716945e-14	8.121511156961636e-14	4.395293968598439e-14	7.139779346365194e-13	3.141592653588453
0.9999999999999981	0.9603000148672143	0.8491734140417206	0.6882596044281972	0.506814631272885	0.3339593489769263	0.19176414355199783	0.09122921875887141	0.0320276753090959	0.0054892262920022495	0.0007291075878977024	0.0018473138546042827	0.005386430158206144	0.0064746469939033005	0.00508210890373256	0.0027289285153606437	0.0008570872454535096	1.965062799468358e-5	6.18107574216115e-5	4.693254455340396e-5
0.0	4.1541948955552376e-16	-2.8338700815398384e-15	-5.902235942554758e-15	-7.263961564056547e-15	-5.657124000199882e-16	9.162043996084994e-15	5.814500843874524e-14	4.352618289640057e-14	4.67940456402173e-13	3.1415926535875944	-4.693132651314956e-15	-3.888146435108505e-13	-5.844465653761459e-13	-5.447224822666815e-13	-2.335141837647378e-12	-5.042586385724233e-12	-9.944327383964425e-11	-3.141592653580663	-1.6275977849099025e-10
0.9999999999999981	0.950135071773174	0.8127015486508969	0.6200699347652715	0.414149759478819	0.23340705734562237	0.10247775826515673	0.02783104428472004	0.00016373948974299416	0.001470465613075072	0.013244466575211528	0.02251118538584071	0.023995149977122678	0.018710880105940634	0.010670957675848606	0.003705198529060775	0.00029337805209642945	0.001464777804154358	0.0010443425972442536	0.0002832182139780445
0.0	9.576474837467222e-16	2.1263606337612056e-15	7.609862687140262e-15	1.218489413859324e-14	1.2264667956545872e-14	4.0853013388656216e-14	-1.6014442348233173e-13	-4.5616492920670004e-11	-1.1168825911074775e-12	-3.3842275799576156e-13	-3.8373178067379973e-13	-1.5688754622885143e-13	-2.938043793324374e-13	-7.859973189339144e-13	-1.9988271974563706e-12	3.141592653587694	-3.141592653588697	-3.141592653582423	-3.1415926535612253
0.9999999999999981	0.9104170052580323	0.6745586080346526	0.37484968121538637	0.10410412342315085	0.07412888055044084	0.14508042508627594	0.1355698064847177	0.08958772184022808	0.043668976076082104	0.01480812103339577	0.0028083857287447517	5.162515575807831e-5	2.4488181744565466e-5	2.3590782458673408e-5	3.1499348882030305e-5	0.0001645362644541111	0.00031830571396417593	0.00019947880062981345	1.1168588843096342e-5
0.0	1.1018231116844828e-15	9.81306847671889e-16	-8.672007055250797e-16	-1.1044211672304373e-14	3.1415926535897007	3.141592653589762	3.141592653589778	3.1415926535896963	3.1415926535897465	3.1415926535897705	-3.1415926535894156	-3.141592653541661	-8.755752988851198e-12	-3.290537193852957e-11	-3.376228367993925e-11	-3.1415926535823693	-3.1415926535895187	3.1415926535782996	5.023792135781276e-11
0.9999999999999981	0.9393864022573126	0.7761521637348991	0.5579093483550019	0.34108466101675367	0.16932234874629437	0.06086353727988221	0.00929193937384622	0.005619285800344885	0.0047812447630172575	0.0014430401855636001	6.880648399122365e-5	7.105067664317838e-5	8.770985059950854e-5	9.780485043412299e-5	3.869023152305779e-5	0.0002855919574162635	0.0003103642107790872	0.00032979302948796274	0.0011792419797353253
0.0	-1.6798898268267697e-15	-3.0510365331011517e-15	-8.891384061303383e-15	-2.247998439109905e-14	-6.110188592086492e-14	-1.3217529011614135e-13	-1.0856306228258649e-12	-3.141592653588512	-3.1415926535891465	-3.141592653588011	3.141592653576164	3.141592653575385	3.141592653549888	3.2600020293090106e-12	-4.7352795265200576e-12	3.141592653579126	3.141592653566893	1.9653312654754882e-11	1.282112294045128e-12
0.9999999999999981	0.932444458585491	0.7532846833996452	0.5211849709169066	0.30176537776818146	0.13992300470357874	0.04742306299411086	0.009206459169344804	0.00021033752179288543	0.00043481024129879664	0.0007318936837602073	9.50420636592008e-6	0.0003928644122153007	9.270320421228547e-5	0.0002525658503064305	0.0001758489352671556	0.0001048423980933608	0.00019597276038506938	6.844522171683815e-5	3.30088477082554e-5
0.0	5.801263462196219e-17	-2.1104369420887757e-15	-7.59483740170385e-16	-1.1701614524076135e-14	-1.7481136237586167e-14	-3.3026309822722275e-14	-3.677585228584512e-13	-1.1032985455344678e-11	2.4701467145822314e-12	4.755415885544097e-12	2.615997554340086e-10	3.1415926535833867	3.1415926535511245	1.3954262430906845e-11	1.0932701655676645e-11	3.1415926535775336	3.1415926535892122	3.1415926535662937	-1.9179184390889885e-11
0.9999999999999981	0.9659302165661755	0.8692315257284303	0.7251821121726801	0.5554147253405122	0.38327903037422645	0.2292062748319847	0.10722135071235683	0.023336808408690495	0.024024595954175564	0.04199942607094558	0.040438362701801685	0.029125624988577434	0.0157554326281717	0.004999640745076714	0.0013855734598709876	0.003751306559051863	0.003495823710795662	0.0021445526912111943	0.0007935954109397423
0.0	-1.18258602451729e-15	-6.418949406928842e-16	5.33932677014846e-16	7.0018694042911434e-15	1.7352279482999344e-14	1.667282939061191e-14	9.64947292348449e-15	-1.6812342740104673e-13	-3.141592653589652	3.1415926535897456	3.1415926535897314	3.141592653589714	-3.1415926535895564	-3.141592653588353	-2.0982094186469226e-13	9.60349981576485e-13	-8.561180669232447e-13	-1.4901473216724974e-13	1.4476903942928743e-12
0.9999999999999981	0.9484342608847711	0.8078064819119548	0.6146360976591059	0.4137103044264386	0.2423663483211462	0.12028851763066942	0.0482334692701703	0.014204020891675075	0.0023709123788897453	1.0003142871776844e-5	1.8498308573596547e-5	7.727313196540059e-5	6.7535397093099765e-6	7.192444884493866e-6	3.9292400192863646e-5	1.4104888713226497e-5	1.4717683150777712e-5	0.0002096596214154698	0.0006222610302429743
0.0	6.842130396882076e-16	2.5031396296220287e-15	3.022573581046523e-16	1.990211070921844e-15	8.907142706425839e-15	2.8049804249657256e-14	4.385181909742491e-14	1.0812784031430966e-13	1.3401351501907673e-13	-3.1415926534216077	-3.9140239765309205e-11	-6.582594295812314e-11	-5.367830098811325e-10	-2.524447410526986e-10	-3.8022443592503795e-11	-7.424910337604132e-11	-1.626711294606848e-11	5.42372747430463e-12	1.6479128223015797e-12
0.9999999999999981	0.9525886301273007	0.8221777733751587	0.6398668197126024	0.44495374838161356	0.27214773839507783	0.14239122556618797	0.06031762695048729	0.01794186760622755	0.0015489522055916656	0.0018790972198979693	0.0010807042380728948	0.00010547808984919515	0.00014153956113707912	1.0229835192039919e-5	9.949841459076461e-5	8.934186070042454e-5	3.5224546433245556e-5	3.9443766552948196e-6	8.552503018864575e-7
0.0	-8.720039781333627e-17	-3.8784693089982415e-15	-9.72712755424519e-15	-2.2331965524930138e-14	-4.158140950093773e-14	-6.850951524256258e-14	-7.217643771317699e-14	6.844135227197044e-14	1.927559554302331e-12	3.1415926535865255	3.1415926535862395	-3.1415926535778382	-1.2522463119618744e-11	-3.539702509554083e-10	-3.1415926535711516	-3.1415926535588774	-3.141592653522288	-3.1415926525111377	2.3833622149535203e-9
0.9999999999999981	0.9613530478493426	0.8530831919052413	0.6960108455405906	0.5182921840065131	0.3479762452787931	0.20637857815107966	0.10425048870063656	0.04156758617459892	0.010415543587169413	0.0005447765211858691	0.001844231242985173	0.0005775107722143911	0.00013956036718991657	6.205175833685992e-5	4.2784929229960484e-5	0.0005947069504346769	0.0013596670663638653	0.001458015048729016	0.0002419954173657332
0.0	1.326756356468162e-15	-1.9415739037491646e-16	-2.3933531286780442e-15	-9.035001297194583e-15	-8.170078335779357e-15	1.0125138297728427e-14	4.349330481105342e-14	1.678362587652638e-13	5.918335907781659e-13	3.141592653581401	3.1415926535874963	3.1415926535835625	8.637499792064958e-12	1.7203425423729698e-11	-4.892431334845015e-11	-9.394581710711211e-12	-2.6444883216541465e-12	-9.873820746075734e-13	1.361219998250761e-11
0.9999999999999981	0.9747324929934859	0.9023342120365586	0.7923305329304245	0.6584820356983547	0.5161754037022241	0.3797250069321249	0.26019543186146155	0.16416740468619834	0.093585490700983	0.0465381365493066	0.018613659538792317	0.004399308100778019	0.0012532770047042723	0.002423876437495774	0.0018293443797000463	0.0009392065597756049	0.000322079616742884	4.107134684106354e-5	3.0018802108954854e-5
0.0	4.819285095524746e-16	1.228432133117623e-15	2.8518094681618324e-15	3.1330129631640488e-15	2.6160047471252854e-15	3.4933178235935018e-15	1.7784751716128912e-14	5.0168609889409274e-14	7.116596747916787e-14	1.1852177521164348e-13	5.015707747625016e-13	2.031700584458724e-12	3.1415926535828507	3.1415926535873187	3.141592653589285	-3.141592653588343	-3.141592653583152	-3.1415926534810166	-7.896108072700173e-11
0.9999999999999981	0.9183246265934397	0.7086811297515057	0.4544276356698222	0.2369968489418275	0.09688958142835882	0.029118218334310192	0.005694185298818218	0.0005477871285863621	9.185362014741495e-6	4.0673836907761006e-8	3.5080471016718023e-8	7.198302691916474e-8	2.9137279883165058e-6	2.610035004041639e-6	1.159282442046304e-5	0.00014919504512011156	0.00016735068136886498	0.0013854717792467124	0.006695508257916842
0.0	-2.756336004179086e-17	2.9534554640535492e-15	5.452889806307018e-15	1.2414323073898559e-14	-1.7632630193205023e-14	9.912755120946258e-14	6.888174847949224e-13	4.9323081933277776e-12	1.6371080841378094e-10	3.141592633960948	3.141592648854012	-3.1415926290628997	-8.182369484838216e-10	-1.5686264413851837e-9	-3.9507159054287467e-10	-2.1397135870758218e-11	-1.8101625504338852e-11	-3.1415926535870775	-3.1415926535893677
0.9999999999999981	0.9102684938000498	0.6822124881556866	0.41219494422326663	0.19225663426272124	0.06350886153980048	0.01226293009815878	0.0007672330135250563	1.4130143391676118e-6	2.441786947959136e-5	0.0002778125245641805	0.0010945852890136701	0.006411504989909787	0.011588438469684255	0.006054136449063126	0.017311530473186853	0.05241548984748849	0.08179335268401537	0.0895320866059135	0.07330503161379472
0.0	-2.5092018802269382e-15	-3.4942874018562196e-15	8.09347785046517e-16	-3.248884433759742e-14	-9.665783418228571e-14	-3.730512506368642e-13	-4.238593478674856e-12	3.141592649927539	1.876502309768291e-10	9.379624556535992e-12	3.141592653586194	3.141592653589573	-3.1415926535896532	3.1415926535892305	1.006035929156716e-13	4.850131566646266e-14	1.4251227588166176e-13	5.005265003818191e-14	7.860400016861334e-15
0.9999999999999981	0.9462791862074942	0.8301429855493823	0.6652962396181287	0.5008345331038149	0.32951074428414084	0.1924075695217723	0.10195074771875767	0.04153535008890126	0.021507329331334223	0.012269763007705393	0.003874171620694017	0.0020380201980412876	0.009702962504142104	0.012814171861836868	0.013173542250741516	0.013940662268432363	0.01698541755208636	0.01572518396465775	0.013654417245299054
0.0	7.73612394240797e-16	-0.14206388914226306	-0.2524704460511977	-0.33676826833522683	-0.3742210613155828	-0.4291272044385131	-0.5186202100408632	-0.3174733479331145	0.1698302609865463	0.9167628061892217	0.5198578967917228	-1.5388423502032238	-1.762860956130314	-1.8056926722845577	-2.180935315476684	-2.759327446634516	-3.0066463330872457	-3.103036796927199	2.911034297305822
0.9999999999999981	0.9368445106299935	0.796441336257288	0.6366089720330953	0.42733487586628255	0.21965306058065065	0.11757721651930383	0.04477272975149459	0.009104105375333061	0.03268502181461605	0.032261203459776386	0.03172637230016277	0.03256749112649024	0.02775668652712155	0.029431628599737795	0.03558098481357738	0.04199310630507062	0.04617620281904388	0.04900965695586175	0.04788823940669676
0.0	-1.4054147762268408e-15	0.06189466208514606	0.11248174849222282	0.16524616935622738	0.19865328359216997	0.23043153956153392	0.2727120024836388	-3.010115657504671	-2.5384932319712457	-2.730123851616576	-3.083237309246091	3.02970503556592	2.83019334737826	2.527298418504027	2.232621362203651	2.223216191210545	2.3044677474136055	2.462229932087735	2.484734839843236
0.9999999999999981	0.9564518396739323	0.857254580183716	0.730505978361486	0.5697086917892149	0.3928912212700551	0.2697753336881674	0.1692489186858244	0.09083834800510049	0.04147764270672129	0.017351640590729384	0.007261962462281832	0.01037418971231831	0.012814198668892107	0.015157244578045233	0.017472472298742464	0.02136885278965867	0.02324643767573829	0.02852820008431116	0.03487952977299767
0.0	3.629227872689298e-15	-0.10169562234410202	-0.18268304609270217	-0.24987821763573964	-0.28709539941546636	-0.3522535149493488	-0.44844294448284605	-0.4566353177630786	-0.3714569311723511	-0.17181671636845264	0.7170049125910949	1.6077879842486222	1.8141424441124039	1.7753830380375129	1.7602969474063723	1.584783533371369	1.3819259778398973	1.2031613657034945	0.9915585763533685
0.9999999999999981	0.9773778084938534	0.9245788329097615	0.8428313346325561	0.7526996774330103	0.6358523298302123	0.5226280515010128	0.4160535988466695	0.31785363656657745	0.23209367534386416	0.16240008049017696	0.11977887011975544	0.08366210381568982	0.052454118212911474	0.028735886474341027	0.023082944505071548	0.014625319037476915	0.025458511587871557	0.041904844135837026	0.0468800582171314
0.0	4.1354588408903697e-16	-0.0022775046148596893	-0.006727110667224949	-0.0038678315960079097	0.010944377570071962	0.014101050100150753	0.027250092563826798	0.0686999318549932	0.15296308135167289	0.19651623923944905	0.24780811783704493	0.4101115946268388	0.5196578798971301	0.24859770634012968	-0.18849173911270561	-0.9635834879628958	-1.4599011273216533	-1.5406202519434884	-1.675498018760666
0.9999999999999981	0.8788091972124228	0.6386450801218165	0.3584316801738197	0.17322778327313845	0.04406863653097784	0.012382938160604906	0.034478643578367045	0.0398067008012513	0.04499322859168312	0.04142516524400021	0.03094339876487321	0.027213602479150573	0.019291031233733626	0.017643191122835952	0.022085165971147985	0.02045874649882044	0.015486345248717082	0.02237230075661238	0.0345442408258141
0.0	1.4469037328288728e-15	-0.09133580001962806	-0.24597149172570226	-0.4557452228987711	-1.0351138751097537	2.943504269097122	2.0770258617248234	1.3465979039895941	1.212074427820543	1.3387326451557395	1.472109911466838	1.077165226277335	0.8136670278654596	0.2837998907731548	-0.2483412080524593	-0.3113174518714367	0.2529118613899044	0.6521991731005788	0.7245193377830909
0.9999999999999981	0.934654620078999	0.7919276451771358	0.5908396774122963	0.4227195531292679	0.25468545350910066	0.13386123131517122	0.0710421923577982	0.04058955761177699	0.033216482918310974	0.03075182586262678	0.02963183272148025	0.023257437722937074	0.016115471954510196	0.010592769668970346	0.007406659839362564	0.007114192751205826	0.006404546748982716	0.0034923686121486135	0.002153613639574344
0.0	9.39138436795052e-16	-0.17708691557524567	-0.31378785296102196	-0.42740753185794245	-0.4769633686067067	-0.5443946031009297	-0.6555518293620701	-0.7224873167245245	-0.9025782873758603	-1.0154499079571755	-1.2899115542417023	-1.533199037745713	-1.815821880521606	-2.298236120360024	2.8331237287882627	2.3288839803739068	2.1777178595757722	1.6238390656408557	-0.24154857671858232
0.9999999999999981	0.9721403572282717	0.9077806326906467	0.805958612274356	0.7027574948098713	0.5669870055906259	0.4433801108276457	0.3360606854760235	0.23831733101206592	0.1735681178082822	0.11468529219016148	0.08827002982315975	0.045886692149572444	0.03292802706279624	0.01852491872367751	0.028290823374365396	0.03997042547306301	0.04827914519932299	0.059187081169535666	0.0663106675636359
0.0	3.568874521211695e-17	0.06276379590803231	0.10743633988704288	0.14099988956795187	0.1562160870687601	0.1629635463625786	0.16751533277084615	0.13739341671472388	0.04572543942441041	-0.08706453577923409	-0.0899337546073052	-0.15215712147913044	-0.005679896611763122	0.5498396468516412	1.7032287485421145	2.2300956700194763	2.3725195817056237	2.434964183897675	2.606442581972704
0.9999999999999981	0.9734456073222898	0.9113599543561806	0.8275744023852363	0.7120863149891443	0.5688294130014785	0.44918175727972304	0.34685725909246107	0.2458424500405544	0.19174208608289584	0.1766470940757807	0.19419623827146149	0.20512140683574168	0.20810286577663284	0.20628056497395025	0.19710920148063726	0.17917267151301597	0.1510594473141935	0.13015816988298515	0.10248386927316361
0.0	7.787534848373715e-16	-0.07992699217175424	-0.15017406379641574	-0.23188462672257767	-0.3248638967592444	-0.4574302699495033	-0.6904461417862513	-0.9636614343682197	-1.4277771743707959	-1.877536510488151	-2.25585373330652	-2.511357130638923	-2.7096715893390155	-2.821211856519895	-2.8967042645052112	-3.002393139068845	-3.080020480837878	-3.141038109062055	3.0597134720306394
0.9999999999999981	0.9572752621772629	0.8611155194265326	0.711881618615239	0.5758705012585842	0.40619039763712217	0.2619806629639113	0.1581826352156107	0.07892941965192611	0.03484881041784734	0.011932894723810053	0.009853259185436879	0.012197681242740538	0.01993013595938751	0.024409872554111853	0.03050210434107409	0.03442502206495291	0.03448777677805749	0.042680282990403245	0.04775493851551214
0.0	-4.765946559030768e-16	0.014307540616937198	0.019295857627236596	0.012789592014344127	-0.008197000625970945	-0.04936386599647329	-0.12179894979698122	-0.2593216784116693	-0.6912311929343341	-1.957027083122449	-3.1219235846359745	2.2794820152788065	2.1468043368970515	1.7453940921009894	1.5539022089460142	1.671643613223366	1.8560544365066654	1.9812969869969494	2.2307295710917425
0.9999999999999981	0.9503978863163313	0.8367488172191967	0.697079431069172	0.5170051691898322	0.3336158373036652	0.21291381219174574	0.12598976912514412	0.05576626243305874	0.02628998438004579	0.022893168548035227	0.032191596308522134	0.04082659494625793	0.057195545588395486	0.08268944173036408	0.10433271519079919	0.10579917916632499	0.10496346584081014	0.09493998093457878	0.06893617175753275
0.0	-1.2210991018999512e-15	0.17437520508703333	0.3269402154422946	0.48038291500741426	0.5901163361649688	0.8321446675875532	1.18601236387537	1.6453909265519282	2.4216980096546656	-2.9528739055306357	-2.153830381009782	-1.3546928909960827	-1.0866653360224707	-0.911489599744147	-0.8030392865371211	-0.6156508090791664	-0.491500807773496	-0.3785600076988743	-0.1429269570417513
0.9999999999999981	0.9568365948138718	0.856857429380582	0.7015945364642064	0.5721617344606565	0.4093962419876829	0.28324498471191917	0.186744830620546	0.11754346911329565	0.07559256240589962	0.04169549926514267	0.026813217030327918	0.013037874624946755	0.014025542615805863	0.017438680286261124	0.02256592117933069	0.02834696536005259	0.028578081502892625	0.03481896599289358	0.041428111268033335
0.0	-3.535306651615675e-16	0.03846069121161177	0.07273984166301485	0.10087395974623438	0.11427177978417061	0.14535963643322444	0.18601353145842395	0.23091984233418036	0.24179944283547355	0.32824995386143874	0.588687636837617	0.9520890323756432	1.7433013700004683	1.926401873616967	2.1171761244883114	2.2991831356961847	2.3325384725877623	2.2224048867705197	2.30084648387966
0.9999999999999981	0.931012647423226	0.783950551836283	0.5922288466853867	0.4062616421057524	0.23267078918548098	0.12528426198248396	0.061482089457338414	0.02165597025290885	0.017787427077288295	0.007903882508480954	0.004434525021318417	0.006244228456422722	0.006849549751458764	0.01611606554284888	0.018334002023806438	0.021622503603839376	0.025514833569003335	0.03385595450835431	0.04062206791474303
0.0	4.294826308958678e-15	-0.21022590050438308	-0.3748911909214959	-0.5064585566733942	-0.5417994489142617	-0.6142934104210884	-0.6700021964099205	-0.48386176805734066	-0.05121641458733559	0.4124805116818864	0.6060552162699337	0.3174409170568549	-0.2376649003530669	-0.48729682833598503	-0.8486668277499134	-1.1158368815467816	-1.5956936225058458	-1.9744103156815143	-2.2646193061498803
0.9999999999999981	0.9493848714268472	0.8374689335372197	0.690912056419225	0.5194613583816236	0.3448609350340441	0.21401275025233613	0.12215689093082853	0.0561215143711146	0.02381155751305273	0.006564152793129452	0.001530195095958002	0.005586040665683392	0.013199391503010244	0.01693216525244631	0.023074194609993087	0.019109657596485276	0.015451127235548881	0.014453881072050897	0.02335266528734198
0.0	-1.8198990041585367e-15	0.08143690085441692	0.14828036397793737	0.19766209525535056	0.21496622534054585	0.2711353411432688	0.3650497307819057	0.3937843858720275	0.3703422056882514	0.6816780540984254	-2.800731093299288	-2.1383139516323917	-1.883428429793706	-1.98354109807679	-2.0626138353893615	-1.7930232196187657	-1.360125936311935	-0.6138760042917506	0.10558506706357967
0.9999999999999981	0.9132106456155209	0.734591515926847	0.4980367187490471	0.3100327459836995	0.1505761823104756	0.048956129183652504	0.01064803190738514	0.0017416995955491586	0.002413126937223299	0.004265312078377886	0.005422062171956215	0.0037010979554334515	0.0014898601420735783	0.006864965950775599	0.012525873146291517	0.019079369935002612	0.028591053121454473	0.033302476018176624	0.030691922406538407
0.0	-1.1777442151703063e-15	-0.054741811983978685	-0.09694568185010215	-0.1576505019283105	-0.22526319839484038	-0.40573719851592127	-0.7328136501495417	-1.659640498327268	0.039050894514391706	0.6038162663027172	0.9399803391309494	0.9364944195376976	0.10236397320052873	0.6155255881446279	0.3814399463878076	0.05868323470279399	0.053856171405294126	-0.22624814098558915	-0.47456847040357175
0.9999999999999981	0.9357630955788305	0.7925514345283796	0.6304100933790671	0.426965842794244	0.22544722709351475	0.13746493277178745	0.07421941094372299	0.030056707001118545	0.012556775047011786	0.00794787192421251	0.01020118257331834	0.012718693393465916	0.013046166696939683	0.014281962349704932	0.00823184094902117	0.002775088536504749	0.0038743589179058807	0.0060996423417535115	0.012947745151648106
0.0	1.6554489820835093e-15	0.02988394204261381	0.046149654027918804	0.030837104697637275	-0.03466109189450768	-0.12020508721611635	-0.28352002149097083	-0.5037136950331242	-1.087333856787478	-1.358752989224728	-1.203100290517492	-1.067333020986685	-0.8946856584830336	-0.7090076190404564	-0.38751338617328407	1.1225389779116552	1.3061648275571884	1.4846405905625804	2.1824576023691002
0.9999999999999981	0.9594292603584865	0.8710812329763914	0.7255711888685467	0.5991140617618487	0.44628903426617866	0.2864943673228915	0.17371862374706346	0.08956002561709292	0.04374406568916274	0.0077422339170887325	0.004732737331094618	0.0043828334206164965	0.008305143364403564	0.012013298055612387	0.01663231290277137	0.018457393938167276	0.01932698441127761	0.024551899517909714	0.025193895229503337
0.0	1.4157255128766048e-15	0.018042639399572645	0.03313823928781485	0.03991997741038905	0.04254051389709099	0.04630634966743885	0.07223677527962005	0.04796989911625354	-0.05547014969774913	-0.4029327813077032	-1.7408652279094976	-1.1247174666344237	-0.44374867009288144	0.05799317350796024	0.21501246734175458	0.24325716306812856	0.5470961474227614	0.5503617169751001	0.671370916238757
0.9999999999999981	0.9578095015497222	0.8664674718226019	0.725681342698218	0.573942108028117	0.42038187511869135	0.24013198227194738	0.10291750851795067	0.013154900215906607	0.07175051185449041	0.12244592346381827	0.13648411299393925	0.11568816775737717	0.08768725599143545	0.0697890522935126	0.04386207420406315	0.03575288381429432	0.03980084461467588	0.03814046549642436	0.031155707405375602
0.0	-1.6553785011293214e-15	0.22464944069864184	0.4114466229120955	0.5660946848282336	0.6428543988589502	0.8222779421184024	1.16618689705536	-0.8613705591948217	-1.329849779171221	-1.4609626575710986	-1.2172887468326001	-0.9582176310364892	-0.628251433655838	-0.27209877169024377	0.4205198582945343	1.334166994977595	2.1332948496377995	2.5033085977075067	2.831237749934569
0.9999999999999981	0.9652242075332219	0.887574185959289	0.776473769459906	0.6456799738289968	0.5091593432341054	0.3748251555131389	0.26595791344747394	0.1694165929537915	0.11282858604247453	0.06722450131047697	0.044440508839276256	0.030887151728292473	0.028426909810673365	0.02504384820340864	0.022779773872264954	0.020998043408140078	0.023215175024297124	0.02087879626523949	0.02384190912621931
0.0	-4.0078080525090153e-16	0.20197945971407102	0.36494932720814854	0.5133476521818022	0.6098097307519118	0.7718343404156613	1.0035786116286878	1.1045038597845014	1.3128481852453244	1.4791508772107846	1.7989095443745724	1.8345175271537038	2.0489821845363396	1.8681842753157494	2.0473874943660713	2.3577649073445626	2.578718835541402	2.9720034057383877	-2.8625262674800593
0.9999999999999981	0.9172825441466752	0.7404230756221019	0.5381604680871277	0.3269195025822324	0.1645801195409843	0.07311218091118774	0.03916027532856393	0.017866320536495502	0.009254831071331687	0.0051276714932110504	0.00480799585982798	0.018008341447013573	0.028123621992330615	0.035005169672643846	0.04359065848305911	0.04898137043390134	0.05003433201414737	0.045444831640081555	0.034693600709165995
0.0	-1.3786519999282557e-15	0.1035457873924953	0.19429696175725916	0.30101402543385647	0.44019072399095566	0.6626448739321608	1.0310992995297377	1.023022438999654	0.3810573547802309	-0.05539161037627291	-1.6985876781139986	-2.101647109197252	-2.351479863795369	-2.521631539943795	-2.392443759723018	-2.119672857018852	-2.0076589635403677	-1.7477517855563736	-1.684012476906855
0.9999999999999981	0.9657625508245319	0.8849826314473772	0.7719424910694701	0.6405049287629541	0.48008561360980573	0.3669900472785024	0.273404807528023	0.18620261613164743	0.14345410573217623	0.11421520760471296	0.09692284163027401	0.07549641490858375	0.06550631312589812	0.055808565735775	0.04925818434486149	0.046980401961968704	0.04005364395538077	0.03163792076882649	0.02564778607256557
0.0	-1.0489933670605957e-15	0.03180212717716191	0.05084102301506971	0.04865943950058609	0.002379291274290665	-0.048577153365565735	-0.16299162801867853	-0.3471065609845946	-0.651575661500993	-0.8047412812467969	-0.9560691368521919	-1.1155432899227467	-1.26153894400612	-1.3287340426707483	-1.4078712615579094	-1.3858007139246251	-1.3381183759650563	-1.2902627630751273	-1.1684512447566644
0.9999999999999981	0.965351784231292	0.8726291522896983	0.7517137602408732	0.6176696529373173	0.49548212586315193	0.38388009503125153	0.2758439812428098	0.1963107161488596	0.12660446397129343	0.08773919040383314	0.059860156376624264	0.04359467816691689	0.0377263804697011	0.029127688197824898	0.027496507519115646	0.021995248052265465	0.0182645576328729	0.012889430398909598	0.014639585740557966
0.0	-4.699117942058397e-16	-0.10786579845672756	-0.17428783588261576	-0.30383794343997544	-0.3890841438455982	-0.47460834820370035	-0.5493585845840134	-0.6389209531510519	-0.691707835815736	-0.7957874280597994	-0.8170099954639078	-0.9584004250993962	-1.0349776957818264	-1.2410601663068295	-1.607307387994347	-1.8757943886299202	-2.300296986488961	-3.0194695702663843	2.5746258059931684
0.9999999999999981	0.9176149306020963	0.726270970614669	0.4967911652414794	0.30381748143584947	0.16476295048437936	0.08442032787146687	0.029278747428036912	0.012654942650645682	0.013730000052591649	0.01807174154986945	0.02340644768694317	0.022668528272422165	0.021716779703054696	0.01956720971840527	0.015750466167036865	0.007848672911442778	0.01440527665734763	0.020370259283103903	0.019904625744890457
0.0	-1.0062026448096532e-15	-0.09912195191785465	-0.15647102301386195	-0.2763870574187813	-0.37417522285780586	-0.5059614391084207	-0.6349135775836217	-0.14882648561977047	0.4581562466192264	0.0838503570053483	-0.24223466951239173	-0.5544115865475092	-0.8999799437356553	-1.0493072067464437	-1.4372910236068122	-2.44420065618218	2.8028184039214654	2.429232953434914	2.352763334124807
0.9999999999999981	0.9326966172940728	0.7854121858199989	0.5919815059296863	0.41130117403231065	0.25839840075377907	0.14541760370681422	0.0698829053991892	0.033873870436745376	0.022595402905882966	0.018291283016432396	0.007382351125088093	0.006526912112742957	0.015199750850772823	0.01862137917462103	0.020983307045956873	0.025259644743307903	0.04022226947959177	0.05170618940216561	0.06514786409838678
0.0	-6.711918139140747e-16	-0.06123123304293399	-0.09506881298677479	-0.16287985527506868	-0.22277194548839982	-0.37992397032361236	-0.5835565461502834	-1.155943864197466	-1.80703152070197	-2.202781629995234	-2.3034705684963677	0.9132596857909585	0.699708067709419	0.6649358246552728	0.28728303212001144	-0.054884738381122906	-0.19503797510434934	-0.33204607192932456	-0.29613778607232016
0.9999999999999981	0.9695745724421144	0.8987648961413003	0.8001481266938909	0.6897786372389919	0.5778882648975128	0.4677657447889938	0.36139198119666294	0.27332781749688034	0.1951073722985037	0.13386933412771376	0.08480722127947947	0.05110822826754529	0.024979845310398933	0.012813080949424304	0.008360796978288555	0.006033952746782552	0.0031451558414484155	0.0077629691935024465	0.014195739803509572
0.0	6.577397303744239e-16	0.14339262173366457	0.22969672847387002	0.4006951988464141	0.5211549514400936	0.6492116316823316	0.7774857433610204	0.9128654210495769	1.0775157679569785	1.252494647883139	1.484683678987886	1.6928208956501647	2.046179320599941	2.5157955845756597	-2.806239310472158	-2.227071114375177	-0.5097200274915512	1.026322757337602	1.1837178217372233
0.9999999999999981	0.916856492865991	0.7317653997130419	0.500047591399137	0.28966777134094	0.12331447891499189	0.013396581948497126	0.057884812512712776	0.07822605117511744	0.07932045994396049	0.07572171434330134	0.07528990086637674	0.08121182933046521	0.0844118460893066	0.07905191890150665	0.06344409046790302	0.04371919361752772	0.026807125542702315	0.043355742094228086	0.06181426348942084
0.0	4.481755068206358e-16	-0.14429364913419804	-0.2368066569333598	-0.47559815252436344	-0.6415243042473362	-1.4805199001966618	2.342447980181503	2.1225623129277587	1.9856032697140338	1.8392795071395003	1.8083523613062034	1.699975601575686	1.6154572062787895	1.4486880530846225	1.230388595762788	0.7912560234399622	-0.20490691903740954	-1.2716370801203545	-1.7564214595471024
0.9999999999999981	0.9477616908638132	0.8179952906935364	0.6566929424806377	0.49301082117216144	0.35645986639942157	0.2404280425067538	0.15027127803086882	0.09543237975806902	0.05416246336322126	0.033680818702460494	0.021967420497424194	0.026597898581703583	0.02980481330930191	0.035714702549137715	0.03461051137724891	0.03066964674490185	0.02409695444282319	0.018879172508327914	0.020489454643943077
0.0	-8.392096044844835e-16	-0.1836596831567671	-0.30380481920869473	-0.5427445892088545	-0.7001623635368048	-0.8574237672452221	-0.9757354106984799	-1.1481910584642916	-1.3457346880379435	-1.8852713437243072	-2.649307114838208	2.7686478389220555	2.1873815664932907	1.8773741354216236	1.5764057985297937	1.4151402292851964	1.124238531208913	0.8329302257412315	0.5478967813020027
0.9999999999999981	0.9475101314450773	0.8188184736014043	0.6542983421229212	0.4732646538956385	0.3111113455709032	0.15896264967809948	0.0669527869504037	0.09065033130740235	0.12775101346242254	0.14808747985402887	0.1444947043647625	0.12944949985956586	0.10057750057836103	0.07969572077629099	0.06281315561165424	0.054454113180111834	0.04852811183996751	0.04610862739175444	0.04076250660539305
0.0	-5.984503145577049e-16	-0.17749361502516714	-0.29254094180210477	-0.5432771677209087	-0.7403141345224301	-1.0995957559819733	-2.020232425240698	3.0386906270021727	2.5733075421579397	2.362259661138853	2.2501780696255667	2.1788315308254464	2.2129033300629066	2.2672533665909573	2.4897462434066715	2.5630635149185914	2.815140400996768	2.9163806323762964	2.97533280850812
0.9999999999999981	0.9352761823805513	0.7821974004560505	0.5746088560602074	0.39865654082212365	0.2621901602442347	0.18638136959833534	0.15542889989836325	0.1446298631975538	0.12750309601215257	0.10456924040872866	0.07862901091120253	0.05471912135744115	0.03926019625447326	0.026242643239155615	0.02194994532465042	0.018011059758599093	0.021572919878237222	0.028129234894072788	0.028674274568150165
0.0	2.8192524659115897e-16	-0.007342600227377988	-0.039262205150418415	-0.13959961812400082	-0.3709842933029622	-0.7050648775120814	-1.1477756912286954	-1.401576744759582	-1.583897953793403	-1.6880495956225303	-1.7841704859904512	-1.8753003147436453	-2.0570720847280732	-2.196005243125959	-2.0871329411156365	-1.7652107184594326	-1.2260156610590847	-0.9821181765782774	-0.7741547382901665
0.9999999999999981	0.9214921270995025	0.7585696212204115	0.5228831511575364	0.34005313924908337	0.18879593021663693	0.10125033853964058	0.04627338488982396	0.02345614401084829	0.01815192262893463	0.01621127846978156	0.01909488325023989	0.023349676776336113	0.025788538825091915	0.022695928785775962	0.02054378658949345	0.015712081978167702	0.01148167078875198	0.014800504804409366	0.010211289182919848
0.0	1.3427043843933517e-15	-0.0025389811827265987	0.025671753551134203	0.07128929484881137	0.2044451286928682	0.30951350363183805	0.5071153191992085	0.82328909971293	1.4854590025959231	1.2432780898223799	1.060737834136014	0.6189652130577104	0.5342518036798393	0.420415192403387	0.611860069434849	0.3780349449245705	-0.09475270653379515	-0.9031277024272284	-1.0849447621008521
0.9999999999999981	0.9322155106865329	0.7947339465064354	0.5736400198615136	0.39719674377489894	0.24304089930268977	0.18544545388581096	0.17825750132714238	0.17994016857716297	0.16115242356703066	0.13365559844797653	0.10042432894734622	0.06229011101488895	0.034237636671714186	0.031945558346372076	0.045188829930844596	0.0560451429865237	0.06209059040421496	0.06315917672034085	0.058720332657940216
0.0	-3.049485943613425e-16	-0.12030390276258857	-0.22339432638498233	-0.4601039194919646	-0.8377321805558987	-1.4310123877176903	-1.9513596873009622	-2.217230232048734	-2.4509781409787026	-2.5990770053794146	-2.8158152935481677	-3.0722679227017786	2.6534456476470463	1.2931938720927452	0.7740731821310838	0.45148328369661	0.23487107556764084	0.03331030664251009	-0.16030853866150704
0.9999999999999981	0.880596768624204	0.6450673682510015	0.3650140687252485	0.17901484567174694	0.09131066419924136	0.046455336301014824	0.024758698167911236	0.009714015347047307	0.024953740853856914	0.04349900115392434	0.05374822846406465	0.05742351705979237	0.053450997248725166	0.05092751142379717	0.047729753981302546	0.04869443324574488	0.03699519581840204	0.04123509276474977	0.025452751619441973
0.0	-1.518331848069394e-15	0.2685447394664402	0.41522282477275885	0.682086121438474	0.5477131175297643	0.6553544568565197	0.9526071875141242	-0.5096952156838837	-0.538328957662604	-0.18756505785455338	0.09025321499077568	0.4248528714973045	0.6753329993954376	1.0337329765461285	1.4191222884446701	1.7526442041267862	2.245654850170785	2.7651062909398023	-2.9900605985590327
0.9999999999999981	0.966462111438309	0.886296456419505	0.7774456796136725	0.6496473274379063	0.5223722360231269	0.39071004619307315	0.2740721448542142	0.18059645357703452	0.11312818758610604	0.06413584480083807	0.03313801618588437	0.016082783882758394	0.014778759779642579	0.013165487567880886	0.009690139146229343	0.00911647716693224	0.007687860879877509	0.008388031816193475	0.014640449606467744
0.0	-1.0870492414595965e-15	-0.020460128574946668	-0.0327030632316401	-0.06162086905711974	-0.08630204854210263	-0.11460925231357247	-0.15186775830955745	-0.1710946660971628	-0.22706593240046402	-0.3141857566187111	-0.6170658532362041	-1.2950156713814847	-2.018085236040036	-2.5292634480186367	-2.712862900481398	-2.965923231092463	2.6463830465881744	2.136670679394559	1.7171784932145113
0.9999999999999981	0.9656093475543713	0.8885343946591749	0.7700556337768986	0.6452032172153895	0.5115847520618461	0.3862506556052481	0.27230822604713	0.17971777975974246	0.10542653606955317	0.053630322617720605	0.01965251501757034	0.02211500396471661	0.03760975051099504	0.04748061897972791	0.053411638689244575	0.05489214945220338	0.05564331215807562	0.049810510609994155	0.047567274033904046
0.0	-3.103464990619506e-16	-0.135074845312442	-0.21735860505449106	-0.38649540249776604	-0.5034926046893666	-0.640252151575278	-0.7774058625356183	-0.9341455977348119	-1.1605641794811892	-1.4733365311757602	-2.390445687851966	2.3787403983983055	1.824601476885877	1.4854199338219543	1.2727206312592194	1.0236806396190532	0.7990929168873346	0.6314065876364439	0.49529685093198184
0.9999999999999981	0.9632561354963838	0.8795178734109836	0.7569878563846181	0.626824619189321	0.4946607485848966	0.3713147672576172	0.26408597243529575	0.17956821650402	0.11812682637744862	0.07899529620911629	0.05380594888738413	0.03692829050509834	0.026764946621698617	0.018312428518821845	0.014444682422169109	0.010307518303427883	0.010636447660647157	0.013885862489095492	0.01572023678531222
0.0	9.544745248821302e-17	-0.07450210467726665	-0.12717450632074204	-0.23690988359901174	-0.3431566707151741	-0.4690353093017712	-0.6283402208045369	-0.8117881714143661	-1.08408611335929	-1.3477735905277508	-1.627739830495682	-1.8434201772190841	-2.120715082219606	-2.3054025687523625	-2.6521490189102566	-3.0045393529778788	2.4959175497281163	2.3526782134213446	1.9604049225785236
0.9999999999999981	0.9488069395842598	0.824458384368615	0.6628125076773382	0.4983239038086619	0.35797692068181763	0.23819639829173908	0.14780261780560194	0.0937979655359377	0.05596889934485902	0.032228790072918505	0.010520020946892524	0.011760753798247054	0.017465512388203507	0.016876923718100775	0.011033588994695491	0.00560381361232787	0.003039317679208603	0.01077516877889735	0.017359114502894134
0.0	-1.8571168666783993e-15	0.0492625231802658	0.07470280989062428	0.1277240621094786	0.12939941567760935	0.10827367988472163	0.010296086627019708	-0.1541266708671906	-0.30052793470172584	-0.372862639043425	0.17935611303818483	1.0954675411344013	1.372758411400298	1.3796618101227518	1.267718173623001	1.8893237179863696	0.01998067095108914	-0.6945878937386412	-0.3944931911370633
0.9999999999999981	0.9494388335338176	0.8246737746070761	0.6611082048750212	0.49968566465194736	0.3608037180466007	0.25626974219893767	0.1665030003491318	0.11559564175519271	0.07595720808599397	0.05763498531060494	0.042775661694264194	0.03844200262459651	0.040672286184500486	0.04324843793619165	0.04890766749812047	0.048105931720676204	0.048172073407933017	0.04761362586347222	0.04387859487134721
0.0	8.929970725212236e-17	-0.012110012753614199	-0.019192829475118998	-0.03614639670323359	-0.06871019203813662	-0.12770156572139188	-0.22419532718370502	-0.37346040487936577	-0.5087142339036609	-0.7415792928659641	-1.0099492085190531	-1.18485235125826	-1.4129776219339756	-1.4964844969443931	-1.6151044291087464	-1.6375858324752068	-1.646475929590052	-1.61565062847343	-1.546904592139201
0.9999999999999981	0.9029049597045314	0.6794708623196987	0.432829603047222	0.23529177717670982	0.11626987848053068	0.054787504081661796	0.01998209922836514	0.014892696302961566	0.022908907783650803	0.037866131599115685	0.049057363010408375	0.049940075218839516	0.04188992239853759	0.027500948292546346	0.017188488581917485	0.01740145527170261	0.01803545863645971	0.009105613355846264	0.017021838623912596
0.0	-7.233578481161488e-16	-0.06328063995482255	-0.12679599240711537	-0.2656170716078517	-0.4807959611314207	-0.7022960170367321	-0.6041610544820312	0.5906054688971827	1.6123207364634418	2.1111553707440365	2.436741059016728	2.592384330774033	2.9169454854893875	3.0380866301478733	-2.389000680315934	-1.518467485225367	-1.4934634369022366	-1.5978428062024204	-3.1035594718536745
0.9999999999999981	0.9788086907064021	0.9307007646860445	0.862669028132467	0.7774603207955395	0.6867830509830329	0.5763226055952592	0.4755149340258033	0.37811333553890103	0.2917495814772308	0.21350340760818218	0.1437676956729517	0.09613471556415397	0.051641657011162245	0.03284784593397071	0.014646868088965611	0.01482659488333506	0.01568232820195279	0.025394418648917377	0.0323823372386018
0.0	-1.0392209303860926e-15	0.16333785645499585	0.26562458734350514	0.4660736611456182	0.6163604299068361	0.767637367200609	0.9183881053832902	1.0606599143377529	1.2384971777448133	1.3973781319834222	1.581905948680357	1.7337170806391466	1.8542782767098713	1.9296320942336251	1.9233522922690922	1.8924696073773215	1.6128372197199738	1.756518571901399	1.8366324079572038
0.9999999999999981	0.9131519796526983	0.6946029336489509	0.45549770170133475	0.2563429196374982	0.11813191926005966	0.03990166398288118	0.028411723573624592	0.04178817788757839	0.04111520409152406	0.03461430705218015	0.03944984578417717	0.041907937090791755	0.03648662199509361	0.019730197384191406	0.008755769763516021	0.008005277127763622	0.011143762207292447	0.021115937893193444	0.01852965859351268
0.0	1.9472022209846098e-15	-0.0006699728909893932	-0.006914763306518702	-0.03867405429047438	-0.07542050453161067	-0.09608498483382491	3.023963863473854	2.904154919772461	2.6310658258380624	2.092239386519612	1.6478543065315294	1.4327046542390127	1.291658800171807	0.9814259440703842	0.2401647695608356	-1.300763464708358	-1.5282616926605257	-1.84762233791803	-1.8873781959251064
0.9999999999999981	0.9590673029994525	0.8540913326494818	0.7154757856577176	0.5648068323734198	0.4271874831424307	0.3015230974707794	0.18970079679312582	0.10997385561136992	0.05235601839626228	0.021584702785361717	0.024292712168232405	0.034498979436793364	0.03476847345908675	0.03234053332792753	0.02955620266317396	0.030938017174072692	0.030486949152345812	0.028573352063896818	0.029006167282066543
0.0	-1.2552800919839005e-15	-0.014834880968335051	-0.02549314537710672	-0.04911299589066999	-0.08369249002364101	-0.13154164134578586	-0.22992253212960334	-0.3923075904122909	-0.6824425652147172	-1.56320335017005	-2.859270753285844	2.9869818018985415	2.6627504291857615	2.441812785049815	2.159024592405422	1.9859637520758737	1.967525415273103	1.8853669842678988	1.9234441608768613
0.9999999999999981	0.9423648079964921	0.8069883321824604	0.6570957718664503	0.49846712167980906	0.35443195428563834	0.2349127591635273	0.15265041989898964	0.09932214470969343	0.06480085357227719	0.04905757942952605	0.03202962023402149	0.02270390058631478	0.016427903513978766	0.015538503585981415	0.016730605844411106	0.024498426397121412	0.025325092265696583	0.01762260494927766	0.007238890134020661
0.0	1.3253900104342079e-16	0.11555058498733478	0.29232942720072974	0.4531340974221583	0.6096525413831028	0.7680545556392446	1.0403880425884262	1.4304416334713834	1.847409385928061	2.2653208496646924	2.426866957160895	2.4198950715746212	2.3738850015209674	1.5764419020120974	1.2204416375773506	1.1835654733987004	1.3290254291396069	1.3885457598768571	1.1207535315044603
0.9999999999999981	0.9510969779866579	0.8522043810247707	0.7095048313058961	0.5374450278273035	0.39117078017454393	0.2623796964819924	0.19249231495419541	0.15058307500641374	0.10698387419076598	0.0797314878894261	0.06100168196544075	0.04773851350923079	0.027101422793847883	0.015309829813527492	0.03768327377101667	0.06090396190896699	0.08444480823497157	0.09860947961922972	0.10361799219056883
0.0	4.961058613229141e-16	-0.07797008034092112	-0.19846706099768333	-0.3155053641924352	-0.4661359880275741	-0.6239000352663411	-0.8198119902452691	-1.00795430792759	-1.0825938865313156	-1.0104195370584461	-0.9041186370153319	-1.0692427660186765	-1.2295997229884492	-2.6705100187530246	3.001003320898432	2.7777667857620774	2.700897874428672	2.5890576355431922	2.4382533411202187
0.9999999999999981	0.9385418088435002	0.8060994395685944	0.6395708480602202	0.4524327537982918	0.28961669962764647	0.15114973993622643	0.09623134799991684	0.10763674576502506	0.11949744949367161	0.12375612177172567	0.10880148565773551	0.09395077227893155	0.08095933634846585	0.06225551062093065	0.053356328450446765	0.055124239003812386	0.056661088256300875	0.0566325101871069	0.05889810493819348
0.0	-2.9573083856360304e-16	-0.11532981593182218	-0.29526572574013404	-0.4736568300655721	-0.6861645261854837	-1.0541932745371718	-1.9150594505219594	-2.6742501851378573	-3.0589727383923764	2.9736767344512622	2.7174044548905325	2.449164654517376	2.15682450479385	1.7884982845518618	1.4179081088370225	1.0341210193847648	0.7896055713386793	0.5753407374088972	0.5624248922931124
0.9999999999999981	0.9468977684646069	0.8481484769057795	0.6953254257295838	0.5137575357376263	0.36101105501658554	0.2262398764823207	0.1472744707041048	0.09459726674384292	0.07593571519770305	0.09460698816466875	0.1107166189688212	0.12003721849839921	0.12044525103539744	0.11523671375592416	0.10542461436337712	0.09525972343356924	0.07931804618509812	0.05984938409085827	0.045741594576333575
0.0	-4.543377715841861e-16	-0.028329949975059974	-0.07297315494888783	-0.11174672643084275	-0.12077552011235512	-0.10928232570788592	-0.02236748813706488	0.2185611780214804	0.7910827887737327	1.2398754130977068	1.3859705345616118	1.3617998961759126	1.320852096366241	1.3109715120270207	1.2381538402609702	1.1937660940909338	1.1673742875818183	1.1668282421377816	1.1840506868482912
0.9999999999999981	0.9369533326081682	0.8164290811214723	0.6492497079452493	0.46202826845725836	0.31987091365685766	0.21418741381464762	0.15049209533582408	0.09408583122739592	0.05753880775921811	0.04737289939356632	0.04510615519813687	0.039593545224506484	0.03381271364311842	0.03123737660257594	0.025680166464928787	0.020225228362080697	0.02673383938032428	0.04321167611120392	0.04902982447489212
0.0	7.553921348765019e-16	0.06701188572536225	0.16595619612301424	0.2471072692448373	0.30684473658303457	0.3449243451605116	0.37875183823673597	0.315316635908907	0.04218917526691703	-0.31380124540067955	-0.5927456121867642	-0.6935520643663179	-0.684065278716132	-0.818556170915591	-0.9136765878562887	-1.3091597397570771	-2.161154608348638	-2.2503981262224717	-2.1988886700210997
0.9999999999999981	0.9615254073171903	0.885432663933114	0.7669326253409884	0.6152280053477533	0.4782456184531407	0.33760478188359216	0.24111990556103427	0.17529862984747402	0.11962922264608805	0.08582863165764577	0.060563125809324596	0.057387316766973756	0.05888417641530485	0.05650963206613459	0.0606730950689624	0.05918187194811213	0.055749779963525044	0.051428408192721216	0.04611220771742751
0.0	-8.65985716167545e-17	-0.014811874223995799	-0.03747528011914028	-0.06187668571776337	-0.10291376318426834	-0.1400582638195318	-0.18304689650308012	-0.2572427371739362	-0.32259422006608673	-0.37190326672630025	-0.3779851003441806	-0.34888251514342755	-0.34451344705570885	-0.3793990229976805	-0.4127638621015435	-0.46577903042714114	-0.5554140557952759	-0.6546817199042778	-0.760204651932796
0.9999999999999981	0.9326777875129905	0.7912836384731706	0.630063135072326	0.45996163533722156	0.3232462372471341	0.23836607945799626	0.18165899936218546	0.15342882297130192	0.13584909506012224	0.12063662972480016	0.10153834730569682	0.08639029208828904	0.08184241634154847	0.07798769694992812	0.0821136228076281	0.0879355727420414	0.09018584852876754	0.1048860064035791	0.12242531659761732
0.0	-1.9343362082489302e-16	0.01166096933020714	0.02228113642766966	0.027329376546604396	0.021653391806681313	0.018549361939149096	0.05044029267842428	0.08963368471978364	0.14196106871535816	0.19748725763598707	0.24616045731702949	0.3220082419696675	0.3729580567521904	0.41544218702368857	0.42947520098933883	0.43448415108632066	0.4550526419990861	0.48431259391691794	0.48255482684441786
0.9999999999999981	0.9546576864544172	0.8625154725239496	0.7344356070390056	0.5829004937398516	0.4482321288840959	0.33403353570131133	0.25012874632954885	0.1872591380130852	0.13875122084479122	0.11330129620032767	0.09396414383029697	0.08850278422612126	0.07314096337899262	0.0509840173100767	0.02737049049024918	0.007380290667951575	0.02259075485280706	0.039223210668891	0.05620816015223113
0.0	2.340445029418209e-15	0.03942812763267907	0.09338125176622851	0.14219312086675343	0.18261839872927865	0.22738960710075046	0.3650485237136476	0.5620793442713525	0.8123094123120871	1.1035432581258229	1.408526528034475	1.5763191841243942	1.7131421711153754	1.8372851017874834	1.93729682664253	3.031771618347671	-1.7065921690450148	-1.6247788474490654	-1.4999728576904208
0.9999999999999981	0.9324676291567954	0.7789571339815022	0.6057448739301152	0.423671499312884	0.265650364431959	0.15096803894502392	0.07441830292172645	0.017932218238346724	0.010453685910556731	0.02258314324008955	0.02835484282694667	0.04132457920976072	0.05552795729350786	0.06683318740565294	0.07496372165611935	0.08027029306139105	0.07248321993173142	0.05831583122153767	0.043262088279572265
0.0	4.3160302174837846e-16	0.09190750582737701	0.22873904453903596	0.35913696946680407	0.45638877922712207	0.45390025811560764	0.430521514870845	0.47751775307486943	-2.875506624925486	3.118135653974425	2.9805798057441573	2.706013888370127	2.6555704933357163	2.771328672279003	2.7911364988387097	2.9290148551535395	3.0917074925096344	-3.028700513278681	-3.1206870172202925
0.9999999999999981	0.9469050802942005	0.8084407900649185	0.6677385545770859	0.5292017613045886	0.39605633464876666	0.27725146982599985	0.19496588495634895	0.1524580745026959	0.12558965403096134	0.11756232953924083	0.1086299516468788	0.10128794393326963	0.09408507386919858	0.08449650644936192	0.07152154915776888	0.0607186026030836	0.045594355887314565	0.041825961435025524	0.036414009910533646
0.0	-2.3742629241860576e-15	-0.06956916087097895	-0.17752179635783458	-0.27772289209976503	-0.4016168071658382	-0.5231363125823745	-0.6362907950816864	-0.7519820414324375	-0.795258719226859	-0.8234269235294089	-0.804521790220928	-0.8301993161207909	-1.0122260884382652	-1.1939355105599603	-1.4116543951695995	-1.7059336433489536	-2.0848050269133642	-2.633794616890371	-2.955361909447779
0.9999999999999981	0.8927305773540916	0.6832181628222623	0.4550757085370467	0.2466566190472538	0.12133936118261598	0.04957784274099249	0.025190601448476416	0.0328411136485022	0.0482244494277596	0.058929954372663726	0.0608994649224047	0.05569559985893846	0.04151053075181205	0.04386244175926566	0.05201484142376625	0.06624514975251863	0.07231132226045717	0.05892411461808194	0.0454927354822294
0.0	4.974504303036992e-16	-0.060030534242149484	-0.17558740581921148	-0.35506256828388916	-0.6444287685229924	-1.0530131676024812	-1.6237219456813798	-1.4493310442627698	-1.196942747535619	-1.1340595286228712	-1.200276759705736	-1.3755104776855718	-1.8054236814227147	-2.3245595906991654	-2.5645643417366975	-2.740923746519522	-2.868618618683326	-2.989843596818895	-2.89637989135953
0.9999999999999981	0.9425548396097361	0.8295153496801522	0.6679045046642293	0.47662728973324964	0.3153699226212561	0.18552390788387813	0.09992377364832208	0.04460785801616053	0.03931178170514366	0.05159970579496079	0.054914934505060346	0.051788872286773036	0.05404535730838147	0.05248737827488851	0.05036336583349904	0.04410227268210639	0.03252645707367004	0.025803962335893018	0.023115080905433818
0.0	-9.423095425066988e-16	-0.09886418917362004	-0.24886209176754157	-0.3816613525910866	-0.4810688606391984	-0.5161826529528644	-0.5418517787882379	-0.22304300891148815	0.5763427537538407	0.5513795931667035	0.3225679012476734	-0.06440365251505578	-0.3361807111666201	-0.45692128474566296	-0.6497908217352137	-0.7755253465950349	-0.9303420480309332	-0.6619506050751116	-0.28868355608560975
0.9999999999999981	0.9449224552190966	0.8288521246717292	0.667366394816019	0.4768820191987083	0.3027739092258221	0.16008908136350505	0.054119080031887194	0.04514236430379403	0.08150214453184364	0.09067672975807858	0.08751200509617936	0.07062586247266393	0.04971267535544551	0.03223224452177422	0.03518145230895935	0.04619162030729488	0.05480936916792564	0.064738370070965	0.06549862825277142
0.0	-2.5554849133094393e-15	-0.14187276270651922	-0.35236427469363285	-0.542537382884046	-0.7576863961718415	-0.9128677269600585	-1.2913469495804626	2.729947809324584	2.2341732742610705	2.1240427616175532	1.9997773024979901	1.8996566362176972	1.9314924178412205	2.1711461214911583	2.6902609863240645	3.0266332789695514	-3.1229426010132686	-3.1255923745480296	3.0505887443525728
0.9999999999999981	0.9528525283921211	0.8390976231697956	0.7106687324375195	0.5702155491929479	0.43544557100379294	0.3162917244647639	0.2253818452205859	0.15269940800411153	0.09646306628532264	0.06311105770901371	0.033313463064696944	0.01857370599205773	0.03716164961413084	0.05140833439380467	0.06219815587357291	0.06468822380315928	0.06328645924728785	0.066054137061618	0.060778605526493994
0.0	6.554009489857322e-16	0.058491347231853744	0.14536371025034994	0.2201483830579877	0.2932493617641167	0.35949553182821087	0.4577109101210198	0.5819546117131996	0.7169828261075992	0.9171619329133811	1.1773580932313383	1.9266210459627626	2.660824155816402	2.806553270164097	2.7795940692345598	2.762441444616072	2.7631826427180837	2.8565694997043374	3.003803385091493
0.9999999999999981	0.8901825489918497	0.6772724709783932	0.4503199418545424	0.24484093745208005	0.13050025183107625	0.07298829190161005	0.07801169535353407	0.09382170885621856	0.08087118215251136	0.04906032483931856	0.023103366942286346	0.012534819650181385	0.011787723260579804	0.007148432868597704	0.024112605950852812	0.037180787972071805	0.03574100151086721	0.015687974003551042	0.024601020618984504
0.0	-1.5122127690354525e-15	-0.010557574908901685	-0.011791134423637814	0.013313074252398142	0.09044497038876216	-0.24741656322296565	-0.8423319703035685	-1.0434878824707048	-1.2061562013177112	-1.1746026585805864	-1.025246428981376	0.17631974310733814	0.4196852766588914	-1.0774641489605568	-1.7177387124832342	-1.836617685899865	-1.8010024074830018	-1.7316821147312347	1.1903320597414966
0.9999999999999981	0.9373110126830752	0.8099218985597347	0.6334515052274149	0.4331158861833197	0.2627382433408429	0.11455398674344472	0.02931565015463629	0.06271703785479907	0.08593969765099486	0.07426925514059608	0.05129542380825915	0.033779073366148424	0.016212118190671337	0.015541476587699447	0.030962242190846593	0.03722957810140258	0.028205195930298417	0.018061942527243413	0.016344572374519705
0.0	4.4417875027699584e-17	-0.08863053378663317	-0.22501480471257157	-0.34933657203851826	-0.4627152920426121	-0.6189593368755284	-1.6798853544512906	-3.0969300464505296	2.9861285559866144	2.927575361321397	2.9470070150753065	-3.123383636021559	-2.6899096818174715	-1.5143938681519555	-1.296571554804601	-1.3279253218428182	-1.436698766980546	-1.001190351289728	-0.50031788444359
0.9999999999999981	0.9348437337288273	0.8009737741836757	0.6304181880317409	0.4457768124833366	0.30169556034739103	0.1922878284908018	0.12591944664483312	0.08315607678995798	0.07435885202468263	0.08188580825638284	0.08122738452727686	0.08737667208333365	0.08753423730495224	0.07723585853209479	0.07279384766068137	0.0735104551025108	0.07911176424323889	0.07680847637869766	0.07920536833645107
0.0	1.20244782296315e-15	0.06268283562959902	0.14457775910977308	0.20992511480965226	0.2746409997589642	0.3131844349330258	0.4822017775722695	0.8919217417379199	1.3494089502810502	1.7092961490754823	1.952489424591694	2.125951280616369	2.1877962117171315	2.331475047272651	2.418029417086064	2.4472517236083737	2.5235229786015307	2.4472317286012926	2.4284230216823075
0.9999999999999981	0.9708827055895994	0.907125204377866	0.8191749609356397	0.7091641814117459	0.602217989065665	0.5057347800352345	0.41685882631625415	0.3305061564451389	0.24801044583549592	0.18240371126161165	0.12043384955642511	0.07363275786649405	0.054078522875306644	0.05161510916378853	0.05993905077460949	0.07045086232588597	0.0780860076748829	0.0815464640018489	0.08257139781911256
0.0	-1.8582187164620207e-16	-0.0340885173790546	-0.08231182877263708	-0.12221729186581899	-0.14962113931324753	-0.16195440510149875	-0.19332812809215194	-0.23293013489218564	-0.28520799393447144	-0.38452527621702554	-0.5092016127355833	-0.7915989868113232	-1.2452339752895518	-1.847817225778723	-2.199976516202977	-2.3598934832187224	-2.47790450528842	-2.497811216274152	-2.5336568276184486
0.9999999999999981	0.943861725798425	0.8047171529000242	0.6554579198441743	0.4976045094685765	0.345554534021374	0.22338350662764225	0.14727159161780062	0.10984700258987265	0.08852944452891713	0.07341698979783172	0.05831298147682521	0.04557425170012079	0.040957624354401805	0.03374787739615198	0.02667475095858039	0.018573439123245584	0.022237622840030308	0.03375001909016078	0.038846515222923435
0.0	1.926119211249754e-15	0.006873426442253284	0.012178551649027335	0.0042845989102187195	-0.035153451434540774	-0.13808509013812661	-0.4053210206308934	-0.7413373283023823	-0.9201379388668277	-0.8520107792546959	-0.8245180550789308	-0.6855916921686362	-0.33093044676251054	-0.08157887914024299	-0.002707504226065389	-0.22498974200473482	-1.0505039313020972	-1.1801134183523572	-1.0581324375804104
0.9999999999999981	0.9776590403403768	0.9158005204034056	0.8502911949412509	0.7760276203354285	0.6882384538809709	0.5962496217932762	0.509567190549993	0.4276783268333041	0.3508735036497722	0.29561864096543355	0.23802719372397668	0.18909609056657908	0.14849476499463163	0.11664907150325915	0.09431605621194039	0.08227461904249601	0.07731359139098454	0.07722384412057226	0.07864050005727144
0.0	-4.826271389066442e-16	-0.030607177278319905	-0.0739930423170818	-0.11018229338709094	-0.14532953481066205	-0.17100988943438686	-0.2065851731910879	-0.252862209121143	-0.2935106141098973	-0.33336119821213334	-0.3654232376252039	-0.3990023313171528	-0.4680540496163709	-0.5221754586767747	-0.5654143912845995	-0.6298637061414974	-0.6941238183454382	-0.7686274979743818	-0.8283721861565015
0.9999999999999981	0.9366805304714492	0.7779356389480335	0.6188148946592847	0.47348549260807643	0.35443375944644556	0.25553918793014885	0.17054371551874664	0.119506322613328	0.09538061162413675	0.08775889920200175	0.08149758329393508	0.07113957408635713	0.066618990940257	0.062255819756816856	0.04866354051229509	0.032080341630320613	0.02580619800951439	0.032489613883672615	0.04228005528140505
0.0	-1.200089866143785e-15	0.03126642159176433	0.09527829437894962	0.1751800399367866	0.23507986351906413	0.24824337524154716	0.22781342060918866	0.1601997188480545	0.10045615085253567	0.13635347413219143	0.2891484491262845	0.4856764254692305	0.6168568339358883	0.6961319539076392	0.7220331861713545	0.3279054294011982	-0.34993500064389066	-0.7365266907417842	-0.9164810291630706
0.9999999999999981	0.9506651820490524	0.8297634309981089	0.6955855591082619	0.5559397207366323	0.42851198773581245	0.31756889180032055	0.22892839394885764	0.1667627600468482	0.12128929821070493	0.09283453020901189	0.069009144806277	0.047198303618156634	0.030054101072873658	0.01925934084995994	0.015820745359655226	0.012969630175724937	0.010585376683001135	0.02235779748587985	0.04038550222373812
0.0	9.634664365655646e-16	-0.0634331371945073	-0.16119493946281227	-0.27889250559640605	-0.4097525588546078	-0.5298141612679945	-0.6652552599057717	-0.8024488714741738	-0.9335512668384076	-1.0533035513097977	-1.149202481877241	-1.2248890624338686	-1.3373227457485126	-1.2862822239961342	-1.3974971983609328	-1.5689550016816034	-2.7332001025104598	2.773451032357648	2.525806839807159
0.9999999999999981	0.9510646289867356	0.8269556724612468	0.6913686485933955	0.5453219581920575	0.4065443312274498	0.28896486659253134	0.2074736356314177	0.14880420103440237	0.10688551856409502	0.08316224184966231	0.07369685053466522	0.07131978048937297	0.07125424696079584	0.07296930089087901	0.07471955340809984	0.08223496391665144	0.08745097799378894	0.08490229146836081	0.077128171468086
0.0	-1.0943883873538532e-15	-0.0565120731097988	-0.13384612626753392	-0.21443827265720186	-0.31055875140866834	-0.42630476062481476	-0.5577899279336883	-0.673049161647009	-0.7724224606496661	-0.8161760157833712	-0.8067913050987907	-0.7804112462745505	-0.7664497547528595	-0.8093584417624125	-0.9453273384535357	-1.1048721338939422	-1.2852795531337387	-1.435887605253553	-1.6109954625051535
0.9999999999999981	0.9712109210949368	0.9029336032276237	0.8213005316058042	0.7288603359087625	0.6444836459185115	0.568835033090868	0.49103970066276614	0.41711747925541465	0.35407954160466554	0.2928336334458651	0.22501429658227945	0.16325690062720935	0.11442986851570652	0.07924651256622064	0.050560068131724895	0.03831975560477117	0.033970700957587495	0.03686956044923332	0.04297990664408462
0.0	-6.573013392804125e-16	-0.04694226290695092	-0.11461993607485545	-0.1869442305114187	-0.26619139487643906	-0.33690690917558247	-0.41184459120342504	-0.4880211501011761	-0.5753976635730791	-0.6759061242324772	-0.7911768269961753	-0.9299876754471355	-1.0955153507482538	-1.3156151846820168	-1.7590031797898888	-2.370591412602745	-2.9435229538335803	2.708904208293015	2.3823558825315554
0.9999999999999981	0.9447745441065697	0.8287659907356073	0.6774991236901975	0.49933022072341526	0.3309577240226421	0.17809820641162408	0.062443338056201565	0.017558305845080346	0.05474531726362124	0.06507849296454483	0.05552918241493084	0.041499175163053015	0.03256276897469707	0.017825998289504503	0.006934674080610087	0.006980403559498371	0.013101827266507778	0.01582224271918848	0.015737701824565558
0.0	1.0282295946761176e-16	-0.0601406032586781	-0.14747156719166246	-0.24311148808453523	-0.3449595142185627	-0.41361724188255317	-0.399481843653609	2.104719015473422	2.45754081358918	2.4261510819971894	2.4104428345135154	2.2217745894495575	1.9759528876176637	1.8141462582695422	1.7101226775610976	2.351980290060066	2.3833511897912847	2.0815965732097235	1.7829806087921616
0.9999999999999981	0.8901182987746199	0.6452038670327673	0.4238393181089402	0.24628792070939975	0.13012057208883535	0.058356836954484466	0.05445975339386161	0.07855205881878428	0.09720765701005865	0.0997619473430945	0.0909527669788442	0.08539684574985994	0.07735336738738954	0.0660896069298303	0.058900620889276584	0.05471609152670912	0.05057215261289688	0.04671350506627342	0.047614471753681165
0.0	4.5369657691944034e-15	0.007155442725910444	-0.035770344745762905	-0.12399132237151166	-0.13889227405381951	0.33338076409752704	1.2586885283557925	1.5411031492583704	1.633340257725675	1.5527233385735204	1.5166451206454692	1.5767245792980626	1.7000222853811737	1.7986853853859623	1.7237134956648081	1.640768734507966	1.6879743576495456	1.708211026946526	1.5779143550561026
0.9999999999999981	0.9779479676327709	0.9228925565945268	0.8516938720564011	0.7680667838165215	0.684235731500563	0.5980334689862932	0.5060047466069492	0.42154505533243336	0.345668044419994	0.27772992820810194	0.2130745078417518	0.16115649672844365	0.12171077335636486	0.09208464176313805	0.07164216691523691	0.05288831220610886	0.03649768051387291	0.02222831124191017	0.015149554431308507
0.0	4.2572166210663987e-16	0.0008201341044625168	0.0023640693588943954	0.0051737016516697956	0.010377185987640213	0.017830141908235744	0.032457224279291354	0.052270884166012624	0.08496184579032717	0.13438390619043664	0.19171672766015865	0.2913654420775643	0.42067792835155343	0.5775944915197848	0.7555393271604562	0.8548443676703843	0.8493087242982154	0.6883815325391653	-0.10217310011640665
0.9999999999999981	0.901765020561569	0.67924601750133	0.45873619484919154	0.2791821623997529	0.16171152009399595	0.09279268624494913	0.054839227008362204	0.03621220590651354	0.021883545746239352	0.002169043110270694	0.020517000644072258	0.045605288103464266	0.06895091797245974	0.08784081087936566	0.09138361460957749	0.0797565029641483	0.059312617341549204	0.03366117410954021	0.012699720614938289
0.0	-3.478045802456281e-15	-0.07489538528513157	-0.17234180335046534	-0.2767243806744534	-0.376620357848807	-0.4609068226918461	-0.7202739286282134	-1.16749627276309	-1.321302072515128	0.04896028471721672	1.6104136489197236	1.5385898845882053	1.5643570332967207	1.4898549771430813	1.3663570902199909	1.2697650344075948	1.2017477346054635	1.0927570762643448	1.0673046157737018
0.9999999999999981	0.9212589499181776	0.7424687980880113	0.5469804411155796	0.35530042217526925	0.20167274338317348	0.0868683822905092	0.01179342222744614	0.031100402467816545	0.0489468630406015	0.051745676883879176	0.04378485709843038	0.0341052618723643	0.037822726422366025	0.03822431456241911	0.039930638375535746	0.04044662698988691	0.041390899542044474	0.048241554156986347	0.048949445168718235
0.0	6.628132769815361e-16	0.05726601747462825	0.1263709803869071	0.1954018719672888	0.28100714289645	0.360430113085233	0.3450443410961329	-2.5546856476422395	-2.3526660598141707	-2.163872311911727	-2.265377379856356	-2.490459554244573	-2.5660235771607236	-2.536535829014544	-2.2525120821977715	-2.079570198184803	-1.8721847642025546	-1.8849176498774403	-1.9059773701013853
0.9999999999999981	0.9182102260466541	0.7352399708341688	0.5542560487179468	0.38241376731400445	0.2462396068843215	0.15091939664157475	0.09572497347761254	0.06599237553122703	0.046394549522920873	0.03891596043485393	0.04270442960348016	0.04347315902912951	0.04552792814390043	0.049262429302692014	0.044165625113544084	0.036695285859252004	0.036206372284473945	0.041174368149355337	0.04759367281184839
0.0	-2.2670932125584922e-15	-0.1022459704152892	-0.23806885793281973	-0.381657978403028	-0.5538190470228698	-0.7617525743187471	-0.9767067231088722	-1.2791272596241665	-1.540784632247572	-1.8900386320676759	-2.1884831218928884	-2.3420553119612904	-2.4150955098280713	-2.347477562058177	-2.3447238547966336	-2.3523969539868004	-2.094969130986418	-2.0972574012206104	-2.150954103786405
0.9999999999999981	0.8973286507775955	0.6778101742265334	0.46604010940416	0.2780734767471329	0.15353131044090518	0.08671797890411757	0.06303562891949398	0.049199036892067116	0.03969129908360247	0.024541544764297884	0.010717645049079023	0.015766882643761797	0.019294019602172103	0.024418962985214468	0.02204235878357397	0.01659246236704637	0.011378218309747046	0.004677865841210476	0.00886165686130014
0.0	1.29911618763786e-15	0.0396122476199935	0.09574100233837461	0.1552004685631801	0.24395704581148597	0.4393634318432264	0.5523047867876971	0.5100946142811876	0.5511638983706441	0.7173944489833478	1.4411559615227176	2.40347263625877	2.3334639270331565	2.051291459367789	1.9043336181613715	1.9320461852751878	2.127555047671817	1.0489584578555542	0.1335923132883946
0.9999999999999981	0.9216172659075187	0.7485130723881921	0.559134927100645	0.37432474308657665	0.22774240886138253	0.12318999319338698	0.054795066250256826	0.014297405538727085	0.020333511413167103	0.03723562826990371	0.04044129001764912	0.032913339598741084	0.029802412048831325	0.020440016440684754	0.013526179877411478	0.014645058581452725	0.027532349177360315	0.040746784889393504	0.057938691343635156
0.0	1.8822601747468576e-15	0.14929779019370276	0.3503671933526064	0.5696191814435116	0.8326786498326916	1.0531985644487913	1.1911828436684142	0.9185117249217551	-0.8039979221817924	-0.40129138017296545	-0.08555358985007153	0.3769051697700083	0.8608545402715625	1.469821948200939	2.4256198897519905	-2.7417922693070196	-2.183029649891029	-2.0130578753581823	-1.8642693183453674
0.9999999999999981	0.9826895750952807	0.9349460258365078	0.87356585250737	0.7985284651206681	0.7134644381525251	0.6223130093421546	0.5343142648807016	0.4503275206836812	0.36902075712234883	0.29981313700036466	0.23688837557144543	0.17805647315355327	0.1333410714907915	0.09436587972082337	0.06676275482650054	0.04643372136349002	0.033409039611111684	0.027336203307369102	0.021692926682705765
0.0	-2.2595599928237975e-16	0.005493912794615385	0.01154017550505909	0.016086684112499708	0.018639642813006993	0.016342093169807143	0.011857018224470574	0.006502498065686335	-0.004407727739714917	-0.017048935040935246	-0.03454570621843871	-0.06286530481082796	-0.09098111724663685	-0.1428412963119372	-0.22895964401285102	-0.38092520165043925	-0.606277065742332	-0.7984380552880009	-1.021892643301016
0.9999999999999981	0.9459768170449452	0.8296378930296087	0.6828462920110322	0.5172419673207491	0.3660884249888235	0.2335378074058202	0.12918857632741002	0.05725669136735521	0.01771858879411998	0.025061597617496795	0.033875521045945545	0.0382865183233823	0.0401908871429479	0.04105214803699563	0.040648369691193974	0.04756583345047662	0.050561526241758074	0.048138244064738114	0.04267207970085968
0.0	-1.1589557133568238e-15	-0.025481677745446057	-0.07063864523040929	-0.12497039686081182	-0.1714171244582456	-0.16668764394397442	-0.1051033725153071	0.12654078878938324	1.0066859511607178	2.564795406935368	2.983980825559694	3.122834618567029	3.133416294622605	-3.026428236011492	-2.8910538856799133	-2.745382256320201	-2.6597830715756343	-2.7745809343013716	-2.8975513342598567
0.9999999999999981	0.9508253561438758	0.8243369666219307	0.6824289969684061	0.5322840699776838	0.3949461972040701	0.28174437684850007	0.1920971664689223	0.12728483592987005	0.0851423819148279	0.06917498543903	0.06229409586536193	0.06649794366778862	0.07415259140014854	0.0778773243155862	0.08028574655855227	0.08299031340644747	0.08456486250417738	0.07911356597440963	0.07007024408173057
0.0	-1.0946637874774857e-15	-0.0008160868921247899	0.0007960963776413107	0.004544541701580626	-0.0024788296309100517	-0.028084770674429802	-0.07193653470932411	-0.14218477651583453	-0.29120116856497413	-0.4769775376092025	-0.530413836671491	-0.4819653672713477	-0.4035469846234238	-0.3339321138608854	-0.2256580837017168	-0.10743958074484636	-0.0011582575343247407	-0.020547502939835843	-0.0979022165670694
0.9999999999999981	0.9556510333649932	0.8417640495007644	0.722396484830923	0.5975737404231075	0.47569537272641443	0.35858357833367777	0.25482892766400383	0.17084873817001547	0.12126905066672025	0.10588434277134995	0.1058748859087415	0.11746704013252399	0.12132300178706326	0.12205822806123993	0.11543064780739143	0.10723486233300643	0.09034998845610817	0.06905148913555122	0.04522485384125196
0.0	-1.9314014362964376e-15	-0.10118498737986446	-0.24716881047704778	-0.4050856974232758	-0.5933567151157609	-0.7953019290610466	-1.05169894524132	-1.4356111434192695	-1.9832028070123577	-2.66976362791339	3.030696640119705	2.561463605823824	2.2346935703506063	1.9822520529329324	1.7104812225455657	1.4435094724465594	1.1670821561468594	0.9561734998547743	0.7224560878363933
0.9999999999999981	0.9302348007781175	0.7532157320271148	0.577821767464924	0.4193518406526356	0.2885099916187858	0.18354924479261536	0.11930527885143898	0.09573485821100083	0.09985095839741245	0.09861690582792842	0.08249731325744945	0.06274123605262175	0.040174196941900234	0.027619042177973736	0.04301059173712406	0.05127642883864654	0.05505173468516092	0.05165962174257654	0.04849984960042662
0.0	2.431729506122094e-15	0.111021568617347	0.25442789974006186	0.401756056583892	0.5862634232071134	0.840746594208956	1.2756025721876056	1.9096528372475925	2.4613020544576467	2.876057903954922	3.134618560803032	-2.834658603945995	-2.3640816678790437	-1.3161680209133848	-0.6557556973820567	-0.32717604086574675	-0.08478107957253866	0.09169282223488241	0.17608755444089796
0.9999999999999981	0.9911603328287246	0.9682595117906106	0.9363670205289986	0.8944609832924578	0.8450018314688637	0.7869742154905812	0.7254186947118205	0.6624770361721907	0.598662363040371	0.5375775633306308	0.47340162741496117	0.41163489642593726	0.35243569602959673	0.2947325284283708	0.24149578912263073	0.19388733303788472	0.1513447918375146	0.11501463590295373	0.087426204780583
0.0	-8.9609964229027e-16	-0.005014464628426864	-0.012359521223120399	-0.019850256043401435	-0.02756509001275886	-0.033550889858940725	-0.03861856353268532	-0.044369347236755965	-0.05109069045639063	-0.05814530484861427	-0.06790847370270267	-0.07552686395826291	-0.08383805303967198	-0.1050989084212913	-0.13307085560209395	-0.17285539186915427	-0.23153182136903627	-0.35209424627479396	-0.5414968389858006
0.9999999999999981	0.9486304339935708	0.8305991481032952	0.6849958646996166	0.5168200851214805	0.353540373353426	0.20694893127249236	0.10295125231775137	0.03428855024933411	0.0038066084220741226	0.004219986855980516	0.011316419788771463	0.024140830327543064	0.03361425808338389	0.04205036319707781	0.049312531713254344	0.06226179166320364	0.06846818501373128	0.07394386070575576	0.06754605904131632
0.0	-7.60722975087728e-16	-0.07968457248271907	-0.1960309634549659	-0.31919883529675447	-0.4593921637002793	-0.6201863882150357	-0.8211028783164904	-1.0961342698906344	-2.616142070548738	1.2961268132032475	-0.1637338120123423	-0.696226808647214	-1.0879391283769215	-1.4806543685354083	-1.86551974933532	-2.1560743662177746	-2.3779334602958997	-2.4343426294375696	-2.550044778940603
0.9999999999999981	0.9211881982146742	0.7397252143386508	0.5537202700164481	0.3626019253098121	0.20764212849500335	0.10540739104149215	0.05986744942060558	0.05492729938324044	0.06140497853967804	0.06531311726037552	0.06398987925629113	0.06360373612942664	0.0631428823926733	0.05449935127498688	0.0434531660274877	0.038055601879974955	0.031407535300829806	0.025309606546334282	0.029318157658946832
0.0	1.7023557458967594e-15	0.048368372618302215	0.1025775354092692	0.13028279701409964	0.12765713383740004	-0.011512051383183178	-0.4746020668241012	-1.0466012753554947	-1.3989925794539906	-1.542634880155084	-1.636099088299638	-1.7110031461175803	-1.8005583759830457	-1.8697754693437623	-1.9970786870235848	-2.123720494846323	-2.044177223476387	-1.9156326426918986	-1.6196377599789524
0.9999999999999981	0.9150169655430221	0.7548933495891673	0.5796028376738066	0.39500059106468643	0.2502040578691358	0.15131453703817918	0.07730402768594549	0.03197272374751676	0.015366952005772837	0.015246165399447982	0.01800856294603114	0.016959511771455757	0.02053517547267091	0.015465685865200572	0.011710385243075855	0.01732540342425385	0.01816651185692661	0.021629407909721877	0.02333911526990898
0.0	5.015082635458673e-16	-0.010645117484177943	-0.022595173934705826	-0.04094609316222811	-0.09681427124180327	-0.22155608611277455	-0.4322408585112356	-0.8908935938566515	-1.2721481723069217	-1.5377986363647913	-1.5548209053446242	-1.4618298878597913	-1.2516011334541717	-0.6513033841459142	0.11278106543616476	0.6848666855086094	1.2566376637907553	1.7118720767595397	1.9237435270775187
0.9999999999999981	0.8642808981765757	0.5683025352073402	0.291886482656671	0.09236710884769267	0.009423650364038987	0.018297905010621125	0.03160877107332474	0.05231946472288371	0.06270055205719048	0.08042338994384887	0.09306594760585954	0.08403470711593403	0.06614846896554295	0.03314267122583369	0.012661900113042478	0.003404608303325626	0.007070343908397011	0.02559648874884659	0.038252647850644
0.0	-9.000132230419764e-16	-0.033308579843092316	-0.07322270861518866	-0.14528708842314442	-2.080533650525993	2.5183730936028854	1.5894783705007784	1.127180289579412	0.8204751880980827	0.4621773432608023	0.2674286233005815	0.19265074870003251	0.1558795803576305	0.26210154622357823	0.9861255341063265	1.2911525702927051	0.7047117949040336	0.4626249980358588	0.37314347954172083
0.9999999999999981	0.9590403882281503	0.8635227237710731	0.7478379223093213	0.6183227619224747	0.47845855827994416	0.3597217257044079	0.2600466433537899	0.17223329805111715	0.10242676079189239	0.0618940584092623	0.038787582781854624	0.027465743500495122	0.01926351781247831	0.013376215715166126	0.011389484331333615	0.017016841453074652	0.015945709744491245	0.012242666529006232	0.011276253066228151
0.0	-7.292902677045662e-16	0.093437862313478	0.1934563738755412	0.2650454601945014	0.37348702323860355	0.5276603806337605	0.6605524242374432	0.8274834770104478	1.0621742512190435	1.4723820321284817	1.9113401116243047	2.353284354443378	2.922008957514291	-2.53621594214376	-1.3465071729578448	-1.2130076359571018	-1.320794321379186	-1.318418487080316	-1.2075862665807402
0.9999999999999981	0.9474939239125033	0.8184296173808577	0.667174296406924	0.50366106128186	0.3449504648919243	0.2252983699677421	0.1285428023840317	0.06042628442779626	0.013373515032594438	0.013730693811907873	0.02451591577963393	0.030805734479568483	0.02703485352543086	0.019643547585254027	0.01546443362224749	0.02237252234686374	0.023737049554555825	0.030458076464243065	0.04672211722679031
0.0	2.1172115398457729e-16	-0.023397250475620936	-0.049616259722349135	-0.06843070907622979	-0.09436445873395619	-0.12639724073511335	-0.14123758092668545	-0.15718407489330352	-0.32529946256149267	-2.9942080530872257	3.101576909108236	2.978227653492339	2.893548550917546	2.773383721859001	2.7360008690822504	2.8780164967821484	3.0624687223736746	-3.1350356234212056	-3.127696950985511
0.9999999999999981	0.9714085527139115	0.906441518148253	0.8298081199061144	0.7330921372167489	0.6279521122309679	0.5333283681602117	0.43822924265529245	0.3516499408494149	0.27632460267735265	0.2240882533448129	0.18406582377948189	0.15409574578162807	0.13230419719114916	0.12119035119136291	0.10954015773175686	0.10107919926494281	0.10184943153980618	0.09399994591340403	0.08006194553336737
0.0	1.3325976312949604e-15	-0.01043887553803012	-0.02441049485767137	-0.03995067347160635	-0.06594783983776141	-0.0998545821964031	-0.145066990978492	-0.21997583074088756	-0.3037951492772541	-0.4292095709623015	-0.5732716744107745	-0.710044492809763	-0.8081133263120495	-0.8818048117530195	-0.915502041334135	-0.8897626417717981	-0.8438502376500964	-0.7999917779416409	-0.7576447235059234
0.9999999999999981	0.971207313520618	0.9050442369895612	0.8279123891061904	0.7329614529168054	0.6272426313141227	0.535112960337682	0.4462744867781277	0.36035029627233855	0.279951638653353	0.22105963887952207	0.17462047695801028	0.1376692606888866	0.1168700041340508	0.10395067791976924	0.09252108487938154	0.08588160820388341	0.08896882454559908	0.08764899078248706	0.08216269931839158
0.0	6.76728179257847e-16	-0.032877750746752116	-0.06519401007945055	-0.08357848087338192	-0.1121227195717279	-0.14692105367672711	-0.1672362934703012	-0.18374359952271943	-0.21070001616930503	-0.2465106215935738	-0.3082144240459787	-0.39869112001744134	-0.5466492183582335	-0.7354587998262692	-0.9615839079991723	-1.0906845774899385	-1.2567298090444297	-1.4317404364040591	-1.5331947223360631
0.9999999999999981	0.9815504383042745	0.9389158290505555	0.8768884263686987	0.7995300929855341	0.7122592550810584	0.617012970621154	0.5160424857075139	0.4235154699836203	0.32797030458054605	0.24860854194764292	0.18576957429253635	0.13520040615568785	0.10251776618070726	0.0891714568527976	0.08391944164479752	0.08932076833838651	0.10484458138635429	0.12107491521092313	0.13646973672199114
0.0	-2.793485884385958e-16	0.004826694746179256	0.010361655840338501	0.0147342694830569	0.022040240428313075	0.032907748106455935	0.04699835629798612	0.06408383128433713	0.084606453300268	0.11757096992127822	0.1502856204744359	0.18135718180174817	0.1984355270936089	0.18860359333208102	0.1424278591029191	0.06661066805957926	0.00526908649605303	-0.039981887469175796	-0.0651584440932536
0.9999999999999981	0.9503771119020634	0.8564421783240144	0.728187682222714	0.5915721021314231	0.46417906538523923	0.3491910719870325	0.2552748349973241	0.18457430998455648	0.1466311771122585	0.1290642664928912	0.1152676146500146	0.1104070502343093	0.09507392461666561	0.07747727027813259	0.06599038204962195	0.05710857431680871	0.0493096376060999	0.04496377543534175	0.04038008683815881
0.0	-1.6272408151865654e-15	0.10504969649983305	0.2230623003497035	0.3060015599988914	0.42822538785881953	0.6233883354424551	0.8409387615952859	1.1834869773766539	1.573339200626006	2.04625374581955	2.431685428983493	2.790151227151724	3.1288443743899412	-2.8974259341870794	-2.621210980641713	-2.303873460462975	-2.0460815271411477	-1.9036300523485667	-1.6869036785917342
0.9999999999999981	0.9284092280682844	0.7835082950653367	0.6007632158091902	0.42063129238820274	0.2758309992426694	0.17459153651758522	0.1002518326961995	0.046003768724395135	0.022734975675259703	0.023184554607842855	0.02822614972721945	0.02854875346234385	0.022205147789732062	0.014173384838516214	0.010420025930846087	0.010917152532466338	0.025531746455348496	0.03181875819203431	0.04298980828716027
0.0	6.509352478118318e-16	-0.0906395029465905	-0.19607141716988646	-0.27411701441872083	-0.40949722127001587	-0.5751216594301433	-0.6674831753901124	-1.0346666546586576	-1.7270135428369506	-2.5173566512530394	-3.0043817891242037	2.8952402478574504	2.6004521071160345	2.7946777657434256	2.0966117523675347	1.9469551757677743	1.8502692041270214	1.9229862431978038	2.0679025022525437
0.9999999999999981	0.9522575335554786	0.848845218340639	0.7358178015634673	0.6036534682954506	0.4738298117941153	0.3681804840023526	0.26525804925073476	0.17566582680510193	0.11306031193194366	0.06906130092609347	0.04107900378689881	0.038330772207964645	0.04775926110082421	0.059314128517908606	0.06927903660192906	0.07992095510925264	0.08004670225502232	0.07903474605574107	0.08137695802583138
0.0	1.4926234689550772e-15	-0.05076325679850491	-0.11047848158898939	-0.15562016823965943	-0.2159526007156835	-0.2940117490506098	-0.39112990318674046	-0.5061777589258977	-0.680807822923992	-1.0343725725163957	-1.6642074828240783	-2.372285558269809	-2.9127871140287285	3.090566107464948	2.901598302159652	2.7402259771441058	2.6396705131723834	2.561978804490824	2.4881630672879678
0.9999999999999981	0.9634717522735248	0.8674326909539587	0.7402171883901436	0.6004522062528007	0.4441391446350598	0.3058421385876615	0.20556507387810455	0.10663566233643719	0.045847443639957304	0.011438602349026885	0.023759814124097788	0.036545908167621446	0.03670259320265663	0.020946188547468245	0.01076753955233241	0.010149619836396494	0.018189667197172483	0.02300693313528039	0.031631894697073774
0.0	-5.573227001035736e-16	0.16766722845767887	0.345995561164522	0.466836585495332	0.626430228235455	0.8128709034128041	0.9767093975642247	1.066864359561259	1.0689752060614295	0.8443482479945486	-0.984396356936753	-1.1268658326342338	-1.3069558731188151	-1.1754369393530524	-1.4602417566385022	-2.178414753648814	-3.057497668162279	-2.535403549909634	-1.9988537513887144
0.9999999999999981	0.9600290243937403	0.8583561395621474	0.7436513182186246	0.5860673196219653	0.435695041804664	0.32356293719520135	0.22235958432289443	0.1387334722561238	0.10021389737381944	0.07787502977472507	0.05336680428829595	0.04895055974029983	0.05100308445014828	0.0401914957391376	0.03076617043434798	0.02103431510675307	0.002303131404488463	0.016390605453595424	0.03624010978945555
0.0	5.114936152643291e-16	0.0687591673645743	0.1449130000969373	0.19935490976159298	0.2717443426586018	0.37708793081668296	0.49109139157076664	0.6200533880224032	0.8380366400643393	1.0780885762117625	1.420214069698016	1.685184103749313	1.8908368808680664	2.045908484192878	2.1858897746768067	2.252685262579973	-1.8396269140689223	-0.9104379577470436	-0.7281282400459089
0.9999999999999981	0.9361297296048097	0.8156429051827543	0.686254434441786	0.5350922669583312	0.39498480345326875	0.28254366899014816	0.18274354506980162	0.1078175921491636	0.06445737862722789	0.037997262861536596	0.027826976388670703	0.03303530608695236	0.032723619926361795	0.04170997492328707	0.046525103686664813	0.05241284136673114	0.05508974499673031	0.05007709481111093	0.03295571909646685
0.0	4.273666234444261e-17	0.00483561175077205	0.009508266539036123	0.007486758922695728	0.007029271218473231	0.003595237454106454	-0.00819460896423459	-0.057683089000806695	-0.08956717370915016	-0.36070908080925523	-0.6441397558682376	-0.44556142660526765	-0.23198479753561987	-0.04064718433114608	0.1261775408489359	0.23171668768565012	0.23090790648335477	0.1851648340296139	0.12755513721234898
0.9999999999999981	0.9044715254090527	0.6794001628550823	0.42661197411711654	0.21768888491807337	0.06509803415722562	0.034575155064734846	0.04310111408596521	0.03637285688729901	0.026560220743699535	0.013827795437806021	0.015508265187261368	0.028704511997853274	0.045943934295860564	0.05753575958707301	0.05798190653888508	0.05227031134090923	0.04809502666853028	0.049558872095493686	0.04894588125759689
0.0	2.1337099209965708e-16	0.20430657490384965	0.4537131061292981	0.6537899082868199	1.0930274497971892	-3.063765352644975	-2.2312380582908746	-1.6155485074689613	-1.0698132973118648	0.0948714528858379	1.9171116931281909	2.657044896231864	2.8866977744663447	-3.0851650968260347	-2.858419499451776	-2.5172224539150614	-1.9015042958836257	-1.2882953977889795	-0.7888184910666832
0.9999999999999981	0.9294858303668032	0.7686326373545156	0.592176914392534	0.41207958759325786	0.25605030940345275	0.16006305188957737	0.09626062512412815	0.056616608932972455	0.028970356916329338	0.007047982129441671	0.01149316089035353	0.025391745254474157	0.025431657221660835	0.015018656827725647	0.014174677341081413	0.03394832822866434	0.0504750454407645	0.058140715126073744	0.05864940637775992
0.0	2.0030634301457724e-15	0.10654800088777971	0.21766940370619373	0.29797881217768474	0.41955648687492136	0.6400572782463548	0.7963642700345291	0.9584248571897883	1.1121978034490831	1.7654677378281483	-2.081972415742004	-1.7708133458720259	-1.5875597407845672	-1.5944356230326502	-2.8854582698257008	2.7155931906073985	2.738697232705702	2.7937712470193787	2.8717966844306426
0.9999999999999981	0.9776365579504528	0.92373141580372	0.8537904909420098	0.7735265762910143	0.6790079542395919	0.5856807974065864	0.4987700206543302	0.4063866635873548	0.32239451585327955	0.2490041819409375	0.1858862783941327	0.1325835388470506	0.08571482543178056	0.05101302661260265	0.02296147245344887	0.013530189377344301	0.031439994510411934	0.04434685171034581	0.052102243637062846
0.0	1.0163738026652345e-15	0.09376909058758573	0.19485978398760195	0.26641249844341086	0.3635012595022793	0.48291236058622555	0.5955117593812798	0.7013705362687599	0.810535583273944	0.9532234764502043	1.108070397248797	1.2474140011014734	1.459764124536131	1.745225045444451	2.195720002501241	-2.3037727913515313	-1.7327094143429336	-1.499558952229943	-1.3148240882222582
0.9999999999999981	0.9572853802011031	0.8629010158612658	0.7432234206970695	0.6110092314527859	0.47939922513656846	0.3679839036718272	0.26492019641703646	0.1765295242729245	0.11047410765953551	0.05836672717130675	0.031041420657438132	0.029446559270045736	0.03373087540589434	0.03534445026865971	0.03992038935368577	0.04342601562566785	0.045851116017190226	0.046361499209209366	0.04642337203141736
0.0	1.4875021156063285e-16	0.02678792482849773	0.059914917802224625	0.08388369088446235	0.11514751390277218	0.15380948792454338	0.18675010312204973	0.20973014624835654	0.19941124728057585	0.1169940814267627	-0.24456043286691448	-0.7499429858051034	-1.1170467287989294	-1.194494915037741	-1.214141420956775	-1.1720576290482443	-0.8796105607343113	-0.7147339894921434	-0.6071947792345648
0.9999999999999981	0.9414523376005415	0.8035578879867301	0.6220624684839636	0.4637638225756169	0.29896453535884027	0.16439605709625063	0.09247071650552477	0.05252908849761923	0.034684904247664086	0.03691866804316883	0.03564053345865448	0.033298665519583354	0.033256376911355405	0.03341973813437063	0.033925626259059295	0.03510317606824817	0.03362942211108296	0.027303674741718156	0.029537805995668753
0.0	5.630881469665199e-15	-0.2210207602318098	-0.4644663695280337	-0.6444615028956949	-0.9398335886284542	-1.3811084832622926	-1.9121865760252705	-2.7828681110835274	2.450777467386013	1.7334651716127356	1.162725535475157	0.7640493265993986	0.43659777156016666	0.28421928052956713	0.2778592429703305	0.4119333315228533	0.4590110879778816	0.6698953316470809	1.0191451687438595
0.9999999999999981	0.9566089760354544	0.849204731507816	0.7085397778906127	0.5520544306428325	0.3952438901495101	0.2669525275103966	0.16619949218663313	0.08604529526308284	0.036206404308493874	0.013339781920238353	0.007943018918136195	0.008894971362256246	0.008674214249353605	0.011980566144119235	0.00912792529250029	0.004624079980886644	0.011404804458805044	0.017917569901153153	0.020878943859612614
0.0	-1.85833353451914e-15	0.07859325475550587	0.1638301277557186	0.22237981912826252	0.3070132445773654	0.4109958020275915	0.45619355296360653	0.45936956031039033	0.33077141474499167	-0.2109402326553949	-1.624579706072887	-2.419377330211198	2.2928577793937013	1.8422279775123553	1.6056598239976023	-0.07609042722727685	-0.8662907943272655	-0.8465851456274092	-0.727522350898923
0.9999999999999981	0.9321405899492593	0.7920585582787752	0.6493742211540748	0.4835693451078656	0.34107162361894083	0.24825582068426286	0.16756785886574327	0.09582076613227077	0.05675157215173243	0.046702340112648864	0.050290235095966355	0.0557950842943228	0.06191978910608189	0.07362972356213396	0.0830349884253359	0.08815504837937133	0.0876475278150797	0.07512670554286913	0.06333528175973914
0.0	4.187564530049504e-16	0.06521994952382601	0.14580818391878284	0.22216532761673222	0.3357796025708139	0.47768493205411916	0.5830780779722853	0.6104782296883062	0.3864141841933551	0.06252092501626041	-0.18064485592854804	-0.05290475776459091	0.1760007081678989	0.20930158962649295	0.2855747777885087	0.2551842408922876	0.22772263012211194	0.2692280698395884	0.29291768076682134
