5.0	5.0	10.0	0.1	6.0
1.0000000000000036	0.839292393443127	0.428684607477911	0.05538340547120278	0.4231609397160304	0.5631446332046787	0.4830010479852572	0.282893762670439	0.08552810044413357	0.03051154934517796
0.0	4.1337762370519024e-16	5.519588947112563e-15	3.141592653589735	3.1415926535897873	3.1415926535897922	-3.1415926535897905	-3.1415926535897807	-3.141592653589752	-3.985511004055009e-14
1.0000000000000036	0.8113111542505711	0.3531682061443246	0.12448220817057715	0.3957813217086753	0.3948524650686838	0.22734679413406494	0.06256845699044154	0.000525707705561676	0.018148337774547753
0.0	-1.4967209890087742e-17	-2.3454276046593576e-15	3.141592653589777	3.14159265358979	3.1415926535897887	3.1415926535897922	-3.1415926535897745	-3.141592653589438	3.1415926535897896
1.0000000000000036	0.9012678684424884	0.6507538368294101	0.3578150043523287	0.13100577385341153	0.01955059871089845	0.0021293744738241083	0.0006295050307465726	0.028153266500273954	0.08602007904291012
0.0	5.928257838861932e-16	1.8126853764113182e-15	3.4130634887662563e-15	2.2086955962467787e-14	1.163693180135367e-13	-3.1415926535891336	-3.141592653588247	-3.141592653589758	-3.1415926535897762
1.0000000000000036	0.9797627121409834	0.9207230227408455	0.8277359344900723	0.70837174828822	0.5721917009929427	0.42984259551874054	0.29206443991874576	0.16871288811004842	0.06789488212363048
0.0	-2.7266542397460313e-16	-3.768176602802463e-16	-8.047660938937808e-16	-1.959110854060756e-15	-1.7947766386617623e-15	-1.8887159979512785e-15	2.0907121172085013e-15	-2.591090229342823e-15	1.1114309185718058e-14
1.0000000000000036	0.8776019287195505	0.5755457436286049	0.24627186325614447	0.03058304763510812	0.028620759661743485	0.0012559561521083456	0.006053070022807482	0.11563148580465393	0.2992211163329314
0.0	1.106931417031389e-15	3.8579836161261744e-16	-9.016239288939205e-16	4.537738675815718e-15	-3.141592653589719	-3.141592653587037	-3.1415926535895293	3.141592653589791	3.141592653589781
1.0000000000000036	0.8880424047059794	0.6094244965046636	0.29867057379734513	0.08035804455697462	0.008258267573995438	0.009134107921785123	0.019213031938276986	0.05578561579438325	0.13743669507422449
0.0	-8.43879231048768e-16	0.00838416974153329	0.05082851591459202	0.2158372978754214	2.5921474396507502	-1.7188624400873522	0.20637581503688332	1.519380333694704	1.9409758974266837
1.0000000000000036	0.9074794227503993	0.6672206641339556	0.3715956553730759	0.12101128302423689	0.03529796009303426	0.0731521087241312	0.05401996297904087	0.03600829814815854	0.03799977177874669
0.0	5.505362970844295e-16	0.006470330574957981	0.04009826730923275	0.19147941555980966	2.605123135011749	-3.1249143316202557	-2.6853350466293686	-1.7254076069907005	-0.9425140773203293
1.0000000000000036	0.9529934953328614	0.8226086165164473	0.6378135005351071	0.43705520385342556	0.2568704048865381	0.122028958294809	0.03997362093288083	0.0006579461138186168	0.020112270213109924
0.0	8.737386693054327e-17	-0.001415897653682553	-0.00778493882468506	-0.024976639071938568	-0.06419367793717924	-0.1481574765444257	-0.31815659901167137	0.8485456859847224	2.0859669626908452
1.0000000000000036	0.9794870420585245	0.9201819551644501	0.8286289730465375	0.714608381919543	0.5894657113428705	0.4642989867160719	0.34841712545462006	0.2484424351457513	0.16833640992140436
0.0	-2.8336848190759946e-17	0.002687536249086293	0.013610035748017474	0.03877406456424439	0.08498360621369624	0.1604163008152175	0.2758127511923595	0.4472384298354806	0.7025341746728206
1.0000000000000036	0.9178555251447447	0.6972897768089636	0.4062650956177639	0.12920743871266172	0.08044297804050768	0.17033134598800892	0.16847919916348664	0.11901745948288107	0.09235318980343318
0.0	-6.407013328850414e-16	0.0014544873123498987	0.014580442077961685	0.14185662631310952	2.6272432268078667	2.740972161211582	2.5775662392403857	2.148518185385225	1.2609073775558493
1.0000000000000036	0.98275581345868	0.9330784221037064	0.8563449864994227	0.7608912031653023	0.6570542214351626	0.5550907509927858	0.462981951248863	0.38512842360952737	0.322313156874975
0.0	-7.060649053284866e-17	0.00266460611866039	0.011715307173005791	0.027196014730655853	0.045026074580175345	0.05815220083780482	0.05894607766266524	0.04223184559753005	0.007741744005666192
1.0000000000000036	0.8130786372096631	0.4137775353508062	0.10615557927781329	0.01601167234410296	0.0422462404890816	0.10770257865237587	0.19981641730180677	0.2633687762290036	0.27837312433425043
0.0	-6.827279514040847e-17	0.006573805169858347	0.06176390335323761	0.9145351250158384	1.361050003331819	1.8005649435665656	2.0077915453521045	1.972273527126139	1.7646873965728809
1.0000000000000036	0.8647084211242485	0.5405446816557473	0.20855582970094677	0.049000117630468305	0.08194077563486776	0.08243535226770231	0.08045867368031849	0.07209624800578095	0.046560916156853135
0.0	-6.740620001946945e-16	0.00936560384664041	0.11113902364349251	1.4328747671520343	2.2313044330839436	2.132521398935545	1.942922479447557	1.6379861509035847	1.160785921130855
1.0000000000000036	0.8756457665240789	0.5682868856435213	0.2296086829139034	0.031360205372316846	0.06731028203313323	0.04331133117887015	0.05873303502863368	0.08950941158999426	0.15503943343306265
0.0	-7.924316166629259e-16	0.0049267247163932255	-0.010312702772665515	-1.2823753629066585	-2.1338597199055975	-1.012362540232328	0.5550913663666932	1.8068956712805921	2.5577804618161766
1.0000000000000036	0.9704140002954051	0.8864445357842086	0.762586384021137	0.6192860059713043	0.4768525158356413	0.3512932219127203	0.25574772688044844	0.20274758255210057	0.19024625918641658
0.0	-5.720357622041685e-17	-0.0021175302832163755	-0.01073354302497984	-0.03185589014653663	-0.07824251177731564	-0.17946283008520209	-0.387360563146767	-0.7242022627753608	-1.0605739307154127
1.0000000000000036	0.9170876157531475	0.7057573337882376	0.455558703812324	0.23171913443639328	0.0489587372394373	0.11093255791078217	0.20258115143607575	0.24060980674090873	0.2363451741350625
0.0	3.631789391398767e-16	-0.05518517810729876	-0.25457179093354415	-0.6296649161188236	-1.4820408076458222	2.057164606237504	1.5240199056762989	1.0965584177369267	0.7645797910835852
1.0000000000000036	0.8751907329835281	0.5682559574748514	0.2448039303588363	0.06667350557496886	0.038670749897410116	0.06000492562633117	0.09054636631825934	0.0899853178432624	0.1496321713272526
0.0	-3.171374486680185e-16	0.010493140710191496	0.09789218551528737	0.63401747751553	0.9987367008176048	0.12074890066641246	-0.019429703517160075	0.5327174663940607	1.5475477882266435
1.0000000000000036	0.945681687572588	0.8025442387315344	0.6164487737383432	0.4353379540709306	0.2895084472921675	0.1919223650479807	0.14191292777042264	0.1296619808894542	0.1558996708689529
0.0	-1.0565930749144858e-15	-0.018622201712059448	-0.08059180324000521	-0.1762479886376189	-0.25091795911899867	-0.24766384742460712	-0.24889488941587382	-0.4810167866853577	-0.8892591117658917
1.0000000000000036	0.9086653761927943	0.6705343709340765	0.3862815288363849	0.16255312780339568	0.05323379002615285	0.10804878290372609	0.18649549378185878	0.21746459604605914	0.20589218749586563
0.0	2.1687256060822273e-15	0.0210473558341487	0.12760719353496322	0.476957176029287	1.8031524756102428	-2.9363411781455837	-2.595937271389534	-2.6030271293867093	-2.8901693828316932
1.0000000000000036	0.7870113393846427	0.3293089484000403	0.07858403225105501	0.19783162864136178	0.21186367011944698	0.20025265268552692	0.13463118335084603	0.04764035224707274	0.1122014435188149
0.0	-1.1638129585679348e-15	0.08138960828245548	2.2038962060586638	2.984504965573924	-2.8656441892180378	-2.614848805446936	-2.6955342071895863	2.5734076764402465	1.0389698476377895
1.0000000000000036	0.903779948988973	0.6542157475921544	0.369836747059191	0.16932154046384384	0.07294161141284589	0.07990993206712141	0.17768973511594383	0.29291849887779325	0.37705499970279355
0.0	1.28984292820446e-15	0.018725331723971186	0.08613961862458455	0.21395799884530264	0.4144587721449755	0.6604343352764979	0.7784609007028492	0.9537346548576208	1.074331636187341
1.0000000000000036	0.8150729663770615	0.44680890395355766	0.1811366950510198	0.09918568329394659	0.09276434751854502	0.07244319626185397	0.029295864297434596	0.11981655875609079	0.27732683523688906
0.0	-1.906960847179144e-15	0.10592203202928144	0.5687988240842786	1.6037339757031872	2.0681373421379305	2.406269451489423	2.4641794857657704	0.6491569420647525	0.9989245018862554
1.0000000000000036	0.7070238133380828	0.17522027691982886	0.15517164853014812	0.2702717173488013	0.47839509018539766	0.5293352189325192	0.3604777311127008	0.16834798618709698	0.16383772128983318
0.0	2.2769012236037597e-15	-0.31425197030227425	-2.9700560237835916	2.215767269739035	1.5766759268710286	1.309040750786895	1.063975256266349	0.42472057644876654	-0.6115330042960061
1.0000000000000036	0.8699305755591116	0.5456154535578841	0.20989081672497742	0.28153506461159233	0.4502102922266928	0.4639572910348718	0.36862550363742197	0.2661926863408894	0.2523816331133574
0.0	4.466770907196387e-16	-0.10520408936076589	-0.8270655127397144	-2.485510632508671	-2.9555500232040712	3.0709715413511285	2.8032851294260297	2.3153308208532777	1.6233189653557096
1.0000000000000036	0.9727963936046488	0.8982507834291267	0.7936843758469342	0.6763289760610675	0.557003107473125	0.44636446268439073	0.35673112483549224	0.29952314331637064	0.27559970506077885
0.0	-1.1412696756731182e-16	0.01977670631084975	0.0779661300343138	0.17076562104542106	0.2916706323323213	0.4359135622143816	0.6076791819655594	0.8190726527331997	1.0540882417844923
1.0000000000000036	0.8969130210883316	0.6529377124854968	0.40103997097904087	0.2397383788832585	0.17396968168230678	0.16642606097181384	0.18710023802972847	0.20276323247428782	0.21248373550579838
0.0	3.4040238528530603e-16	0.1105981238489539	0.4426154965286016	1.0307990799109603	1.7931635254150524	2.5041113555374714	2.8755224589687156	2.9656067440247647	2.9850124152887214
1.0000000000000036	0.9254202174809742	0.7322603620508403	0.49715337189131836	0.2765900965955797	0.18490821060620785	0.2874877392082971	0.34512160627529903	0.32974078132031065	0.3327056455650948
0.0	8.997720740696766e-17	-0.04368719828269778	-0.19052883718156072	-0.4981927191711169	-1.4089755333960823	-1.9573659978735412	-2.103690067228788	-2.10363014386721	-1.917006629470315
1.0000000000000036	0.8602939584534686	0.5370287226237572	0.2548772756692001	0.13782807237774497	0.09916696757210564	0.10914144198207452	0.11350240238773959	0.08126392593636785	0.10504915092940115
0.0	2.4197172962999036e-16	-0.06116815290559027	-0.3066331862756458	-0.574095504594736	-0.6090887688511175	-1.001481030332059	-1.3631846232432154	-1.894511239307887	-2.9756454359521882
1.0000000000000036	0.9820548089662962	0.9317606783832499	0.8607086758544187	0.7776072130820452	0.6790837856869578	0.5670996196400897	0.4561890015140973	0.3606165838470518	0.285543576035542
0.0	-8.478826852294802e-17	-0.015132219658614741	-0.04705500212769414	-0.07740664551393554	-0.114475377028591	-0.1842824765022918	-0.28070335649406997	-0.36428931250542557	-0.40747280137411357
1.0000000000000036	0.8057567107498328	0.35987364741968125	0.1899737257158432	0.302663665143175	0.2902389130407674	0.36506488410158505	0.427604438090423	0.3471017230690168	0.177585442896462
0.0	3.444659566012144e-17	-0.24804325765987187	-2.0202017936214784	-2.7546461692213717	2.8344534806489756	2.030126998080776	1.586835907135635	1.3748387703740554	1.2862123814478799
