4.0	1.0	20.0	0.01	6.0
0.999999999999999	0.9988963490084309	0.995590895701438	0.990100105231867	0.9824513069033051	0.9726825260000541	0.9608422498572494	0.9469891296677159	0.9311916199332542	0.9135275578663845	0.8940836854330737	0.8729551170928579	0.8502447566400482	0.8260626668745809	0.8005253961318913	0.7737552659762604	0.7458796246093002	0.7170300707632248	0.687341653035829	0.6569520497792183
0.0	-3.282249827873275e-16	2.6484570066573563e-16	-4.9057925628616804e-17	7.415979344632983e-16	5.20765246054394e-16	3.3219721512782546e-16	4.5429393914289475e-16	6.1103352730040315e-16	2.430628425086967e-16	-3.197490721492171e-15	-4.8646293332163425e-15	-6.039180422802846e-15	-6.249570730559106e-15	-7.177041703107437e-15	-5.7752727129786764e-15	-6.3260178974971855e-15	-5.883780423720511e-15	-2.9881974800812424e-15	-1.0562253221128058e-15
0.999999999999999	0.9996653893606829	0.9986760387191955	0.997076642885364	0.9949343838932754	0.9923240522588048	0.9893114346729953	0.985942803673531	0.9822459209867695	0.9782389928405953	0.9739374088609751	0.9693515079375035	0.9644790528935435	0.9593030073441408	0.9538014413837328	0.947965202922468	0.9418106534769195	0.9353766161486871	0.9287048087159003	0.9218135513571141
0.0	2.4988379431683155e-16	0.0002732251343510839	0.0017732486761473621	0.005157499762021365	0.010663549752777989	0.01811664005427024	0.027039986383760543	0.03680315305433191	0.046746763400922806	0.05625712095031523	0.06480534915674925	0.07198468708176661	0.07756659128164284	0.08156434217442766	0.08426716300757281	0.08620774415441043	0.08805285126431313	0.09044467680122185	0.09384775264012435
0.999999999999999	0.99974818649163	0.9990365067812129	0.9979878232095452	0.9967536189610002	0.9954100404909737	0.9939005188032481	0.9921062690701256	0.9899955401603278	0.9876719662529863	0.9852293691108753	0.98262736166132	0.9797705842687587	0.9766586456551258	0.9734027532809358	0.9701134771609593	0.9668018579076763	0.9633708428013426	0.959686877130854	0.9556800786302202
0.0	2.7762566604927057e-16	-0.0012640099037365354	-0.005963602471154965	-0.013785327708905946	-0.022691855023074546	-0.030348883322216077	-0.03509896676933913	-0.03681603623026478	-0.037117981961110186	-0.03810816037247708	-0.04076139850972835	-0.04469008723851663	-0.049098078932714284	-0.053599482433880616	-0.05835556567968126	-0.06372988039296486	-0.0698435280843571	-0.07641477544104391	-0.08290540758088553
0.999999999999999	0.9989335007533855	0.9959787902613417	0.9917068257226065	0.986523508183526	0.9805057043539913	0.9735873250996084	0.9663907099987492	0.9586099713311196	0.9492920271907839	0.9386664053938423	0.9274265740212985	0.9159633258675544	0.9033954406015562	0.8883175498975544	0.8720540525132522	0.8586567142296645	0.8496826995779682	0.8422827991177162	0.8320701480516413
0.0	-4.723485448328952e-16	0.0058543035867096235	0.023188385262172546	0.042224625927149775	0.05220871642249171	0.05319675292475661	0.0567337700125221	0.06751067374540806	0.08155920299281773	0.09726100601243233	0.11545723662248324	0.13585312229111424	0.1554839869693246	0.17166751284677384	0.18891010860814808	0.21552190812986718	0.24804816494202747	0.2730780152303348	0.2802542581947728
0.999999999999999	0.9990857500533976	0.996358893542475	0.9915413561352965	0.9843481438877136	0.9746227023471324	0.9630084446569298	0.9505262732103692	0.9386637025411931	0.9274321364270353	0.9159022230351999	0.9033340225593803	0.8896124738971439	0.8759937100205969	0.8643087621060147	0.8539875627827056	0.8421525673558001	0.8283871916440739	0.8148297713154953	0.8033166507040389
0.0	-4.444955899194115e-16	0.01205054994371424	0.03166251812142938	0.042240028611054976	0.043313730186934365	0.04496725342009509	0.048397958059242886	0.04829228356408631	0.04608161364063663	0.045517208336632434	0.049356101044292916	0.057035963575540985	0.060347352686784955	0.04879804357439306	0.021860338718429444	-0.01054136058416592	-0.04649038977044064	-0.08961890116012734	-0.13549155114068204
0.999999999999999	0.9993519836836886	0.9978104910637914	0.9960686463912423	0.9940633079499667	0.9919111998605774	0.9892840370520406	0.9870055118525511	0.9844570593561455	0.9816427395187635	0.9800828132189341	0.9793589576481824	0.9788949852671354	0.9776987604155053	0.9760201354281267	0.9737311553711843	0.9720197988057194	0.9694807986899107	0.9665861868507273	0.9646375058671965
0.0	-5.554714668863661e-17	0.0025610505034461143	0.008255760818608392	0.010098883005213992	0.010317107540431737	0.013287322509915865	0.017929214259874815	0.023912776978864562	0.02790412692368244	0.030663860669607093	0.03409492922840315	0.034247027002320185	0.03209207836189282	0.032551943116641516	0.03391771575990098	0.041058082305082635	0.05260043173896202	0.06384226872561213	0.07661667829356611
