8.0	20.0	20.0	0.05	6.0
0.9999999999999988	0.9327650724935735	0.7537805456120784	0.5201721572649646	0.29694378888935985	0.13022507439770287	0.034160895552620515	0.004480676297021689	0.010719169243358974	0.0061361205687720955	0.0018757584741351432	0.00025702130377238406	4.936904064059561e-6	5.389833277570513e-7	1.3595772453474996e-7	1.05055724067004e-5	1.6172543527514053e-5	0.000543055325978112	0.0020597252274375246	0.0036573376572531513
0.0	-1.234122506434695e-16	4.396477730552686e-16	-1.0949813486890063e-15	-1.136058861821678e-14	-3.5061423405594084e-14	-4.90203287855982e-14	3.1415926535895804	3.141592653589748	3.1415926535894503	3.141592653589651	-3.141592653587927	-3.1415926533152683	1.8830717766673826e-9	3.1415926493032353	2.6920918540427117e-11	3.1415926531157417	3.1415926535756147	3.1415926535874847	3.141592653588527
0.9999999999999988	0.9768829746676911	0.9099228023656472	0.8059808157174825	0.6755009175013216	0.5311765280654198	0.38636732282670444	0.2534930691873927	0.14262818701028424	0.06048246450445402	0.00988792007401123	0.010169284111305889	0.004015893723475443	0.021627173716004523	0.0587854815571425	0.09941027362670116	0.1364236838437847	0.164494564502225	0.180464775577559	0.18340839382755394
0.0	-5.617170840930874e-16	-5.765018358474955e-16	2.703136575312764e-15	7.135180206161758e-15	1.710562759342151e-14	2.3436942809038892e-14	2.8570402060314155e-14	6.889107768303957e-14	1.651365632054668e-13	1.4385829041617032e-12	3.14159265358812	3.141592653585669	3.101329269506949e-13	1.196551329328605e-13	2.3639675736486937e-14	9.448234822770294e-15	-1.9689018806314588e-14	-7.397505829913853e-15	2.9518325548703164e-15
0.9999999999999988	0.947403642223869	0.8036342966325212	0.6054629332346165	0.3989321360556674	0.22364974547178226	0.1014600217479898	0.033592000484192135	0.0061467748253443985	3.925970599176914e-5	8.375682415480576e-5	0.0007082041601035167	0.002393080168600727	0.002643662011617614	0.0009832203106935888	3.8424751671352606e-5	0.0035110191552842587	0.012809577898574441	0.025048719667063214	0.03405684482280408
0.0	-7.646166129449898e-16	7.861979465490564e-16	1.8895663214505325e-15	3.998691731833535e-15	2.7158143366183014e-14	5.5456266026679864e-14	2.00608042531364e-13	1.0168938987293009e-12	-3.263668437722114e-11	-1.0060563116728538e-10	-3.1415926535845666	-3.141592653588074	-3.141592653589401	3.141592653585299	3.141592653427193	3.1415926535871614	3.1415926535890635	3.1415926535894236	3.141592653589427
0.9999999999999988	0.9607461557333614	0.8504057640255779	0.689351727442899	0.5057905175652585	0.32890076337163043	0.18217607644631909	0.0787781932091144	0.02002356949706601	0.002861549559041662	0.004549767178300449	0.0004594465982833868	0.0022504362911510613	0.015203657432259822	0.03799547018631133	0.06457007945591547	0.0871927812379473	0.0995176796657351	0.09866740769111931	0.0857969219272744
0.0	1.5447489631899102e-16	-1.6413433012479182e-15	-1.2669962639619547e-15	3.4206517345483375e-15	7.331129979316825e-15	1.4246050039251403e-14	6.371081194576573e-14	2.193621239551304e-13	3.1415926535885856	3.141592653589035	-3.1415926535868612	-3.141592653588789	-3.1415926535897363	-3.1415926535897105	-3.1415926535897665	3.141592653589754	3.141592653589679	3.1415926535896745	3.1415926535896284
0.9999999999999988	0.91248106495412	0.6863488470710777	0.41053131587489955	0.17855431865952365	0.043285780265136235	0.0007980090523611568	0.00875127119994339	0.021962989107585134	0.019338834202996123	0.006672576010109195	0.0004599757531909173	0.0041533475864286165	0.012144185293749924	0.011077357064731366	0.0014121274996087706	0.014289903230393858	0.01456465548936704	0.0035731198084668573	0.00278624506927571
0.0	2.0047838275852284e-15	9.031133480267025e-15	1.0472718700921274e-14	3.9451820357417836e-14	1.1110118163102708e-13	2.3563918287383556e-12	-7.900997041483305e-14	-1.4902252944631672e-13	3.0596966802192895e-14	1.5070943092983018e-13	-3.141592653588245	-3.269257543986025e-13	1.1604813903482515e-13	5.80867632615116e-13	3.141592653585684	3.141592653589632	-3.141592653589789	-3.1415926535897483	-3.141592653589419
0.9999999999999988	0.983405367813028	0.9350050424240798	0.8587867698197078	0.7608765788943931	0.6488353845813614	0.5308156820565811	0.41469296441073067	0.30728600204664863	0.21376259358595218	0.1372960876291095	0.07899829046482791	0.038112921665147105	0.012417215190464074	0.0012468259028674358	0.006402022200722237	0.0064138003391161534	0.0040866929148417755	0.0014233509582463697	0.00044157668715887066
0.0	7.9511602384405255e-16	2.030346116289023e-15	2.0283456869700554e-15	3.0066586848962925e-15	1.0407383397116003e-14	8.37010123374048e-15	1.2162649638203694e-14	1.877756271371793e-14	2.0069572857595888e-14	3.298068719694023e-14	3.94750427271811e-14	-2.6219214809295215e-14	1.7066724485216194e-13	3.1415926535850844	3.1415926535889565	3.1415926535889143	3.141592653588243	3.1415926535879097	4.116553586071987e-12
0.9999999999999988	0.9636136660994448	0.8612104358031578	0.7112797787263904	0.5392690663433789	0.3712905816722829	0.22820783096761488	0.12177515750122914	0.053741678232758286	0.017813275301837198	0.003460308514418234	7.310046941314108e-5	4.4268617784265134e-5	7.307417390600841e-5	0.00036505464750767537	0.00039458988064693546	0.0025533759297980537	0.004278650468262571	0.0016992424685698636	0.009624456068012445
0.0	-8.890487242132516e-17	2.3163774674900616e-15	1.8642920510753344e-15	6.410615551605197e-15	1.4109200285901254e-15	3.582514289934359e-14	5.449814387697958e-14	1.284438035677457e-13	2.73848060460706e-13	4.4683719862638323e-13	-1.4848316011083758e-11	-8.125574465234978e-11	-3.141592653554213	-3.1415926535823497	-6.1168489585907666e-12	-1.7460445092013367e-12	-1.123406963866428e-12	-3.219863374962764e-12	-3.1415926535891847
0.9999999999999988	0.9521584887835236	0.8199409247563467	0.6335434532099584	0.4323430779198503	0.2529600430008517	0.11950616825339978	0.03924510703781654	0.004470950162281652	0.0010997796464356493	0.005366416448005946	0.011652218474120322	0.012675649261844401	0.009156127003496693	0.0043731674391160776	0.0010742862091820279	3.6008568922502883e-5	1.877250442142974e-5	0.000165930208092519	0.0011626838584633066
0.0	-5.348767937125463e-17	-1.0201678457804364e-15	-4.586989116645844e-15	-8.525067970421399e-15	-8.684543533534731e-15	-1.6437674822262036e-14	1.6904220061305814e-14	-1.366264532282966e-13	3.1415926535855103	1.1343988548151832e-12	5.413305645821649e-13	3.051377669982262e-13	1.84239498346658e-13	-3.3444452616415586e-13	4.473000466858541e-13	-3.1415926535847896	-4.283628827847684e-11	3.141592653589564	3.1415926535874132
0.9999999999999988	0.9364712495278796	0.7638807606091921	0.5292628896734436	0.2910382175787562	0.09862244657801415	0.02203542048781385	0.07180990856230021	0.07108820332840123	0.04692484587782605	0.02131789071087425	0.0053016522675161	0.0003054594929757924	5.40376548362382e-5	0.0012878957474140756	0.0014889182397095763	0.0007502691397140609	8.75883035905877e-5	4.77183080057322e-5	1.5177043729942776e-6
0.0	1.991988440260677e-15	3.202627275692304e-15	4.43777097910182e-15	1.6655008614537835e-15	2.0028715956484408e-14	3.1415926535897296	3.141592653589758	3.14159265358977	3.141592653589776	-3.141592653589767	3.1415926535896337	1.1337027694830163e-11	5.993098244252098e-11	3.1415926535863132	3.141592653588006	3.141592653588259	3.141592653577854	-1.9101118047272732e-11	-3.1415926527256905
0.9999999999999988	0.9203938492212367	0.709887661592046	0.4403936472026103	0.19519115678040339	0.034104488376445724	0.026864648871154993	0.013190764294876695	0.028972753839239883	0.05881714883498751	0.058176468927114144	0.033127849019533126	0.0026501181379969788	0.016390253791515097	0.0186266270550071	0.010024207152330112	0.000815095839901013	0.0022453988115940446	0.0008236988927948861	0.0053782763595436245
0.0	1.0218868788338043e-15	4.487007750411913e-15	1.0314202862350064e-14	2.035276638153038e-14	1.0056732005082448e-13	3.141592653589732	-3.141592653589671	-2.0541862798719886e-13	-7.66641988349777e-14	-9.01585190626619e-14	-2.598878909168295e-13	-5.0547398798310044e-12	-3.141592653589343	3.14159265358977	3.1415926535893512	3.1415926535832117	2.1402602482544802e-12	3.141592653585113	3.141592653589669
0.9999999999999988	0.9692082430881007	0.8814353072546279	0.7495546525474688	0.5921307315765022	0.4297966759634208	0.28142255091912244	0.16092389638066518	0.07536740862814423	0.024685179369848428	0.0029066688737839977	0.00046527938573994636	0.006922003875082689	0.013418108256943319	0.014315669096638013	0.007755019120136808	0.00483164021101491	0.019948343145788344	0.03355389562860057	0.042412272101234515
0.0	2.821680036321755e-16	2.645707520497644e-16	1.6360265263499648e-15	-2.163498056694443e-15	-3.6582441830256785e-15	-9.624796209994979e-15	-1.2942462359338978e-14	4.731748464735979e-14	1.2639737500573182e-13	7.006402944615439e-13	4.53197140011775e-12	8.606950062693528e-14	-4.310781195247245e-13	-4.943822078590071e-13	-9.268512680420757e-13	-3.1415926535880647	-3.1415926535896013	-3.1415926535897607	-3.141592653589761
0.9999999999999988	0.9440890573689772	0.7916821769726297	0.5829842853127569	0.3682957140871499	0.19061836102155394	0.0728988174560955	0.014659673767833737	0.001764560883659446	0.0005116154996971323	0.004028955708661498	0.002410062296032924	0.0014580383612677477	0.0021091616538210386	0.0016721558240964038	0.004210186352255546	0.0039600544711881494	0.02926035921645389	0.06887438657437556	0.10939585584216854
0.0	-1.1670426378262642e-15	-2.824142586828439e-15	2.5984459414206953e-15	3.3061150347887457e-15	1.3904045796351684e-14	4.585353282854866e-14	4.675714880236312e-13	3.1415926535849823	1.612583332047964e-11	9.365183932582155e-13	1.5520977574272292e-12	-3.1415926535897127	-3.141592653587837	-2.8852700029470845e-12	-1.2076265111267279e-12	-3.141592653588022	-3.141592653589565	-3.141592653589747	-3.14159265358972
0.9999999999999988	0.9645429263738619	0.8647833124474659	0.7187455015334627	0.5510492131833276	0.38668969729873737	0.24539704359568798	0.13820147938192798	0.06692409895636492	0.02624249621484784	0.007173767896856038	0.00055356199569919	0.000601777296526002	0.00029284640235034784	3.9191009463430464e-5	1.396726009097501e-7	4.377516687459787e-6	1.3307389353826666e-5	0.0001864276720768249	0.0005449483956444553
0.0	2.6180466662788164e-17	1.3473011081467614e-15	-7.791013764660799e-16	1.7434890676572918e-15	8.27914565937231e-16	1.4929670667137126e-14	1.7932208401811495e-14	-4.077545494830472e-14	1.9927161612119526e-14	3.045699430598438e-13	1.8428806411578612e-12	-3.141592653587661	-3.1415926535787015	-3.141592653517937	-1.0155476648366098e-8	-4.0625153397027613e-10	-3.1415926535342718	-3.1415926535895764	-3.141592653589338
0.9999999999999988	0.9557422600920201	0.831744774372537	0.6521861268646842	0.45077851736869207	0.26274418292282375	0.11675095095184512	0.028876503705055248	5.98062804595485e-5	0.017506425217410044	0.059433378914631886	0.10167649169467534	0.12427263833360852	0.11626457887683264	0.07758950669946924	0.017801838163809567	0.04772423237389526	0.10282176723038185	0.13526805671746822	0.13993264726292423
0.0	-5.929964604859528e-16	-3.230985964155677e-15	-3.728791176459056e-15	-1.5761303256825076e-15	1.7916820728923322e-14	6.138585306503993e-14	4.3204766502545135e-13	1.752365731165146e-10	5.510685862883605e-13	8.257260826777119e-14	3.008794301158151e-14	-7.192845567728279e-15	-4.509965794441742e-14	-1.4156306370409942e-13	-5.425489269463952e-13	-3.141592653589511	-3.141592653589677	-3.1415926535897145	-3.141592653589726
0.9999999999999988	0.9491358755425194	0.8090941162441749	0.6133079521872902	0.40508033229290713	0.22401536034112904	0.09495972066935505	0.02327047012395107	0.0025122185650534624	0.0025243767370145	0.004089598189434844	0.006239432409081366	0.00280693087567882	0.0005552329348151097	0.002609258577392722	0.014228737501030469	0.029769802569095838	0.04052793414622225	0.038720890333334805	0.02250370838351319
0.0	5.379147404443291e-16	3.727916994522096e-17	-3.174075129865262e-15	-7.752294064603696e-15	-1.2941794637476464e-14	-4.1991833618527153e-14	7.71839138748383e-14	3.141592653589049	3.1415926535887193	9.188451869303873e-13	-3.856109249152154e-14	-1.13390642037811e-12	-3.1415926535767027	-2.0447654650226777e-12	-4.912088112091313e-13	-1.9405079853391473e-13	-4.332474063245206e-14	9.165060169247143e-14	1.6808064930546805e-13
0.9999999999999988	0.9503894917581838	0.8138332519978481	0.6229374419356184	0.4196819625589844	0.24208382507305348	0.1135969333663825	0.038945817402065395	0.007201775433292672	0.00011070363545634751	9.376659918351298e-5	0.001355504684897483	0.004733595665275156	0.004848184770205514	0.0034542948942607415	0.0208404111114978	0.042290635835319966	0.05942773655764533	0.0648000025204157	0.055671959882909336
0.0	-8.818138875973943e-16	-1.8336961053393424e-15	-8.802723522367076e-15	-8.653721663766462e-15	-7.493710000160701e-15	2.0853439251132388e-15	-5.766571538193823e-14	-1.1280485752537245e-13	-3.1415926535720624	7.50194819785954e-13	-3.141592653589655	3.1415926535893344	3.141592653588455	2.687343394999672e-12	3.305638201655703e-13	1.3015943498194496e-13	2.704862082921414e-14	1.109134319865402e-14	2.931988016758109e-14
0.9999999999999988	0.9375815809777097	0.7691652544285673	0.5434669755525222	0.3194645701580627	0.14431765169677813	0.038826433626453064	0.003981783087929395	0.008442186022010177	0.0008903295864623321	0.0023704283292804067	0.0014167523727359379	0.006234353622974494	0.005637195916803304	0.001172597432362389	0.008947636668140748	0.010947555166510812	0.004582313593209478	0.006032561970206196	0.012378615540555828
0.0	7.286133864347541e-16	-7.865241392187002e-16	-7.565894003097363e-15	-1.867462566927688e-14	-3.631315526293334e-14	3.072743762341518e-15	-3.1415926535897656	3.1415926535896745	3.141592653589248	3.882872418387633e-13	-3.141592653589176	-3.141592653589547	-3.1415926535892926	-3.971711661007703e-13	6.715300995654835e-14	4.692992682355297e-13	1.7367272103036721e-12	3.1415926535885283	3.141592653589114
0.9999999999999988	0.9732146464675695	0.8962353470494454	0.7786231790925494	0.6345259384982602	0.48035923359742894	0.3322065219055779	0.2034206937246809	0.10285418019771923	0.03400485930815843	0.004827192177575311	0.019479874354618162	0.018244510779678626	0.009938878908440219	0.0021389157055985764	9.555190032871702e-5	0.0052030302004988	0.017071468372823948	0.03239465449201036	0.047060442617151615
0.0	7.011313505085994e-16	2.666044382445386e-16	2.6389742660027254e-15	7.398095636721675e-15	9.361852831329254e-15	8.351382916299965e-15	2.4201384536714357e-14	2.844796846128003e-14	1.2914996877792928e-13	3.141592653589162	3.1415926535896745	3.141592653589673	3.1415926535893823	3.1415926535888588	4.678761574759308e-11	3.141592653588532	3.141592653589542	-3.141592653589715	-3.1415926535897567
0.9999999999999988	0.9602084783169873	0.8487182512598984	0.6870201179353891	0.5044157895003083	0.33042371753821137	0.18773492603004113	0.08778673222985738	0.030064587516118426	0.004960869654365654	0.001129362776894266	0.00041939597815877395	9.824825127785749e-5	0.00020157722795057856	0.0028345042491039257	0.014763103036090883	0.03890641522436359	0.07394260729606869	0.11362574364751576	0.1486491357899471
0.0	1.3166304428636891e-15	2.127923243516552e-15	4.937997947063385e-15	5.2725751739221875e-15	4.543701959065914e-15	3.800165562050788e-15	-1.7002576228046514e-14	3.992100663345304e-14	-2.54929298645039e-13	3.1415926535885035	3.141592653586168	-3.7814457904025255e-14	-3.141592653579842	-1.2429997231740155e-12	-1.8030317261152122e-13	-7.799539924684538e-14	-2.150745130929804e-14	1.7958048620070834e-15	1.5036084143106376e-14
0.9999999999999988	0.9395938232346057	0.7766729043853156	0.5583542895951663	0.3411664694095719	0.16959674988564466	0.06260867301376358	0.013301587661751227	0.0002760356441855146	0.0005195277398511755	6.939817088424421e-6	0.00018342088841414306	0.00462853454744087	0.016034553971367407	0.03107286493600948	0.042099572079076136	0.04261309441465249	0.032025789584458	0.01619366029178518	0.0034211136730384747
0.0	-5.850616024430184e-16	8.487340473803531e-17	2.4169300200596158e-15	9.062894830159407e-15	-1.4204335405600615e-14	-4.1096841561457257e-14	1.6500184203924647e-14	3.1415926535863536	-3.1415926535865855	-1.1844516025248144e-10	-3.647439514718962e-12	-2.486492360218379e-13	5.0004167885745566e-14	-2.181893848447981e-14	3.243075549289218e-14	1.0222717221253496e-13	1.5502300883987463e-13	3.4353162234011314e-14	5.4354648915650416e-14
0.9999999999999988	0.9658826459366481	0.8849132976821115	0.7661048502762533	0.6304559984191997	0.4793377012623977	0.3589800776552104	0.23441391483393179	0.15425307532654586	0.097241785453042	0.05932488563630707	0.03429431469233454	0.03083956571636764	0.03356343919498524	0.042081829635399276	0.06407560149126991	0.08069461412462754	0.09842555921836857	0.1103283192604393	0.11770981258582294
0.0	-4.09487585460412e-16	0.12138971867875352	0.22495472430512997	0.3352469704523457	0.3902357154429678	0.5778549487365335	0.6898252836148904	0.8250294017167796	0.8665724354370024	1.1243154212892654	1.1569776670604293	0.7043743151979405	0.5083373112212295	-0.044648831681752564	-0.14180237130238973	-0.21695356944772615	-0.22430070737274235	-0.3415811571984624	-0.3903655460114144
0.9999999999999988	0.9446508330461416	0.8223953057645866	0.6371719068533348	0.448692475952834	0.27055315255129525	0.17553339684687924	0.09622339363899787	0.05405589200188383	0.04700367575304079	0.0461533499219351	0.03841150624939097	0.008899866638771018	0.014981924785859307	0.0562507913765133	0.09177931846886338	0.12255537188084739	0.12049276760993018	0.11166189015476362	0.0773834195318366
0.0	-1.5352009178250247e-15	0.10969786414040512	0.20214518082246688	0.3104046958280624	0.36163562616404615	0.5080185296587671	0.42094747579158964	0.4112710327563344	0.28544066752038094	0.4523212813376709	0.33393155840145766	1.3111187122796668	2.6329561138166877	-2.7587433742102205	-2.5968075059394407	-2.618674644580708	-2.5613320750772104	-2.4911403223195316	-2.525103676263967
0.9999999999999988	0.9725016655970744	0.9041913675990353	0.8104117907896095	0.6987465635579038	0.5681984197099708	0.4537971284080197	0.3277599387304646	0.2253832909129303	0.14720523873350558	0.0845789120301918	0.03852942706079672	0.01828893160362844	0.010619796613805944	0.026855540636152378	0.038224552451571206	0.047594398234076365	0.05016126263854529	0.04594807436496689	0.050211163339277026
0.0	-2.012097408286151e-15	0.12275141043511023	0.2313553459840047	0.348077752151458	0.42658677368491343	0.6259191140566716	0.6838676061833655	0.8801126804794567	1.100048377885769	1.3790803407607686	1.5488814077901083	2.0892387809322224	-1.530107410631581	-0.8999321574534718	-0.6600887332148939	-0.5732422247775741	-0.7507587409995706	-0.6495463399939804	-1.0640352205280408
0.9999999999999988	0.961692862041163	0.8741800383771635	0.736071519859355	0.5871431436709701	0.42778864023976537	0.30671294704204227	0.17210811682626057	0.10225697558677299	0.04894131408854805	0.01654418190750267	0.011671913440577025	0.024704196034983895	0.04627933599638464	0.051794122230664146	0.045257108363539335	0.05030657930976037	0.062277885859654505	0.06262364533870252	0.05682784924469435
0.0	1.5873640318173118e-16	0.012521980827356088	0.020469165659247644	0.012735615910587209	-0.003746538831099478	-0.020387982004485716	-0.01681799251424818	-0.16196271867022746	-0.39220640666016227	-0.7674174718415807	2.298475651998526	1.8396509019244973	1.7315899921635574	1.4820669197504617	1.4106997713860971	1.420299150887257	1.3240109356194698	1.2710803087191276	1.3564456466462915
0.9999999999999988	0.9662869220884178	0.8892028085934324	0.7661132228133087	0.6411032262534572	0.4840919499891568	0.3581818943746915	0.22577509482348682	0.15320570388488552	0.09713687514210592	0.06267240716140435	0.04146428278131464	0.028312855477658945	0.039604367719928535	0.07294999304244479	0.10258084108596063	0.11856639685506573	0.13159980084986062	0.13126204924837545	0.12063108871415758
0.0	1.6085411061094702e-15	-0.07873854510506231	-0.15291639672746155	-0.2342648212591009	-0.30776123080773515	-0.49705534145288427	-0.6566069170470987	-0.8925774717157302	-1.2541840102648583	-1.4918089164031685	-1.4403196707443626	-1.2001355005994163	-0.4346510688536356	-0.22904906870442998	-0.3458435522480293	-0.3309134292877248	-0.4237909700165919	-0.5378471174088058	-0.6456443427826444
0.9999999999999988	0.9848155164283267	0.9507550685325843	0.8874984006307812	0.8163205930257238	0.7236953654241352	0.6405428322261518	0.5303138703326914	0.45039600424009557	0.3638819213742671	0.29246503697168547	0.22331710148384953	0.19008910007330018	0.1573989998413799	0.12629634489081049	0.09965167944146983	0.07735061177542837	0.043718394487372345	0.011905210933498167	0.04916980720330447
0.0	-8.243681920259742e-16	0.026368881490404967	0.0441581248902439	0.06404929849982409	0.06395575151602717	0.07020376425535663	0.03605164247555342	0.02744308646319755	-0.05257827993523756	-0.13218624235756982	-0.2771429216470731	-0.40154272070574815	-0.650555692870449	-0.7601049247146784	-0.9301560570848225	-1.0191128134356056	-1.2545969599397109	-2.2357437554218462	2.483556781540855
0.9999999999999988	0.95005254810797	0.8305116287297192	0.6816544913598123	0.5240830934378411	0.35608447614590105	0.23467131649776737	0.12765996525492979	0.06698299343569748	0.036536735939262655	0.01407242864833392	0.018216119501743882	0.029305793826603848	0.04838463591068429	0.07540283869031483	0.0998015331063848	0.1235612178016278	0.1345546607788491	0.1295656724355242	0.11309717009522684
0.0	2.256841708995303e-15	-0.23164850161133918	-0.4249990430274449	-0.6372476598314489	-0.7745811709254335	-1.112264435292638	-1.1078139059811314	-1.5030438597817568	-1.817268600175137	-1.4339481962218792	0.06916238592265544	-0.21515818028175188	-0.5779673565730916	-0.6580171386199926	-0.8303780509697264	-0.9467679612105053	-1.265900621818074	-1.4376967526362852	-1.6608158486332758
0.9999999999999988	0.9637222359824984	0.8729824491176666	0.753438809040847	0.6001809097543032	0.4566042993935355	0.3404538431859484	0.20999612804216874	0.13412991059185608	0.09098363836409258	0.06560804604937644	0.033393848406864865	0.031085832390166084	0.022240173838671797	0.021078756541389645	0.020465202467546267	0.0191044921146607	0.022851201001227676	0.026429943612741365	0.02825447127864831
0.0	3.3120447745436175e-16	-0.08175626959086858	-0.14528841768976647	-0.19161478301674004	-0.19565711702524766	-0.2230396612993885	-0.13549107136512273	0.009460748919557579	0.2470966287791546	0.5187704661159631	0.5923552858893912	-0.09956842842411877	-0.25444022714354664	-0.7572150553474262	-1.0737172025895485	-0.6007450199446223	-0.26939160064894413	-0.8032170044809032	-0.7583183587545204
0.9999999999999988	0.9274849154402909	0.76982339184284	0.5381878306834549	0.3517227759367152	0.2025345947158559	0.26453965364655296	0.28721312544784827	0.2857107961175491	0.25522760256546534	0.21053678175010027	0.1319063992061219	0.09351113539004034	0.0467689133063033	0.02406998058299913	0.031273339978959695	0.04825485213844844	0.073158494191866	0.07636193901683054	0.0843776338110783
0.0	4.399068435048974e-15	-0.1595718746910625	-0.3605407134124709	-0.7102122960468359	-1.44903223897748	-2.2217899176639606	-2.683721095738144	-2.857159180068386	-3.055985722894488	3.0651862334914974	2.925585394619681	2.7455593763461836	2.4858923345898365	1.9190299299006803	-0.1334733733060162	-0.49901429456711	-0.7944838193320332	-0.9539971140185741	-1.1119507444712806
0.9999999999999988	0.9363654679517348	0.7929879598831545	0.5910170473669186	0.3763907103530008	0.21351484774867752	0.13292707855024596	0.059645950812407145	0.03290347870661507	0.016118041772804563	0.01721421701658845	0.019701610370320026	0.0271170691609994	0.04350150935872041	0.04589402203258854	0.04112396737437076	0.05914570894005399	0.0657908314754352	0.08391217495610302	0.07288896843024026
0.0	-1.1115682083651276e-16	-0.00373150469377871	-0.021856968488579497	-0.08402436956465373	-0.18472455418531866	-0.3483270495084878	-0.5506799691632631	-1.2266468826233417	-1.8381016384670552	-2.246301572723957	-2.401934697965239	-2.9938919305697347	3.023231561446231	2.980475682295552	2.472340702416057	1.72057580489975	1.4785086667417213	1.4193814661061341	1.2947174343260066
0.9999999999999988	0.9500354221841638	0.832492816699609	0.6702741496292505	0.4900275296584141	0.31632078154785864	0.21787620243122638	0.12905404000297488	0.07484186512131863	0.04996028320098743	0.03945111337418132	0.026732521311577093	0.03978995418520091	0.02945337083991662	0.04487458190941109	0.05923507784871896	0.0687592547612286	0.07202184338733524	0.07039976070631086	0.06665582453326142
0.0	3.1406454001687895e-16	-0.1545977325181089	-0.30513198686472465	-0.48421141513547283	-0.6424191131988388	-1.070810881507467	-1.4113090035741138	-2.024814119827108	-2.6086188751584927	3.0526834600791575	2.03845900770591	1.6388038074664968	1.2834818681729125	1.3118446663337662	1.4261228580798737	1.6907163937817982	1.764827677270255	1.6796591316010347	1.7182722562049582
0.9999999999999988	0.9735645012954443	0.9072201355973234	0.8151471684537078	0.6975298706659876	0.5707807032208809	0.45687703878058694	0.32219353686337326	0.21766622521845913	0.13433375583970156	0.07992793129151292	0.04228545451378149	0.040287244147386825	0.04601089867401487	0.04309471294407765	0.037171348810500625	0.033667604118852286	0.030045996626978357	0.027260435700425224	0.026678581888088075
0.0	7.554946311574272e-16	-0.03723229414713386	-0.06751611048792584	-0.08531532812242947	-0.09014480459525752	-0.10532880417639542	-0.079334336128717	-0.005452416935917907	0.09870840349485116	0.4476477349671901	1.0605371231438245	1.5233434581733052	1.9251886724504454	2.104436092702416	2.296772200728968	2.183247909560497	2.391617356993847	2.7123494036465163	2.74272610292848
0.9999999999999988	0.9293142777339506	0.7811769568260286	0.5525241407912853	0.34624046644444484	0.16759690590285153	0.09281693237571499	0.04821936965225498	0.017595328652981558	0.01921385552599396	0.009187581165251068	0.03018785355898094	0.039319200268735074	0.03440679775353929	0.03507086214188222	0.0356873974572497	0.0436781971069051	0.055894161058080635	0.07408839879582804	0.08612935260896237
0.0	1.7248034709108954e-15	0.005526929738274841	-0.016812451597761572	-0.0140790330677029	-0.09318115157756347	-0.38979591803729796	-1.0050354374384167	-1.1334735264528355	-1.9035567891557246	2.898830484489835	2.686624054857721	2.719963798857244	3.074073154327009	-2.940518401485194	-2.593823499461913	-2.3688109056147173	-2.3831503348998946	-2.5231669170296653	-2.617231398518059
0.9999999999999988	0.9591291803923564	0.8654164313568659	0.7205779774620349	0.5693381497035791	0.39860107663908456	0.2856211649468611	0.17209400050922738	0.10097390520392856	0.046144905931334725	0.03066706052919565	0.04251746337027355	0.08361969705255533	0.10315105039704442	0.12809110631026285	0.17288728452816862	0.21947153103233266	0.24118543783452015	0.2558847654829129	0.2523239409697155
0.0	9.332604323829057e-16	-0.13133473069825138	-0.25708686286757587	-0.3957538707035883	-0.5126490733945016	-0.8124657378225313	-1.013814286354058	-1.3168109763292726	-1.9796887252811175	-3.019208755001186	2.1751389291181207	2.1912733510565165	2.130610387547467	2.174536080412476	2.2442503904776907	2.312426007732324	2.311044150084261	2.282001756064772	2.2493459544678194
0.9999999999999988	0.9366584838273402	0.7808566924869363	0.6161594634791502	0.41599324559469103	0.23512784926827432	0.14663971741786208	0.09367259663996488	0.0356356947284508	0.035143758467905545	0.11582815272862877	0.18169551539740464	0.22153615096430881	0.24293196750057325	0.21232611098439358	0.17272020690287207	0.1399953882908115	0.13640721862757219	0.1515661607581127	0.16416125187762914
0.0	-1.600157484422299e-15	0.23250392007074278	0.45627792220505775	0.7101751472411433	0.9539048342122622	1.686945710732191	2.0116898432943824	2.6277647493794056	0.9464122701570138	0.5648767909175088	0.9639180758042948	1.0969374940625218	1.4427086979437447	1.7097748192243623	2.203913178142869	2.7174650538498533	-2.8511656075633303	-2.233943290855326	-1.791770430713102
0.9999999999999988	0.9476427902374621	0.8221960839340857	0.6617782512863519	0.47343864271879194	0.31205510948912263	0.20269205012049393	0.09732241757590515	0.04717470027327889	0.032995599153394166	0.015798898217424497	0.013223617421197383	0.03727706644932675	0.03638771067986158	0.034601310459996946	0.0203213082460301	0.01046257529508988	0.006470080638959641	0.02714292845855199	0.047479281358403465
0.0	2.3431255660098565e-16	0.05938006028092096	0.09782599010148835	0.12166719849115343	0.08786181910487575	0.07724460493320971	-0.07939831226557803	-0.17269844662606645	-0.1301766319939323	-0.190012753399447	0.46804203896568075	0.8405234847660797	0.9541056822243754	1.1285540957816795	1.0526935241856255	0.9898651823592539	2.799010974491615	2.7908698879732934	2.869346484706291
0.9999999999999988	0.9592019946137562	0.8623204282144682	0.7180716693895379	0.5413174069548276	0.3942231108774175	0.2947267642426794	0.1817603630912667	0.12329543436349827	0.09462453865910067	0.06993278870428675	0.05548822177892911	0.05292201389968018	0.04508025618703645	0.03234807480038343	0.03125714565400293	0.04888380663229246	0.053498637423035074	0.06506439951774255	0.07041694642021946
0.0	-2.6765902894931855e-16	-0.014434430107550746	-0.01707198404110502	-0.01893322374165371	0.017509770441456515	0.08776857280436898	0.23761308828527983	0.34161625192060535	0.5220890268140337	0.5812617264290698	0.4694280053256904	0.24192030002914985	0.29653868585238774	0.030895604024042456	-0.46569253067951033	-0.4992853895833175	-0.5502981526386089	-0.6509607700728851	-0.5845784442893661
0.9999999999999988	0.9596333459670425	0.8526412003730703	0.7415463926952441	0.577767773825908	0.4273894086525112	0.29632601777789935	0.185959227074742	0.0763867506261617	0.051918536425834404	0.04560412913026373	0.06931513940068285	0.10584400150781806	0.15495222948397433	0.1749294572937418	0.198281536664681	0.19861945379438722	0.18711703619005143	0.17627674538268517	0.16013815814068474
0.0	-3.1815415028564835e-16	-0.15090450797356503	-0.28258799905866955	-0.41493698599104434	-0.4763961908713691	-0.701812616547997	-0.7335669263108928	-0.8921366493609169	-0.7339268377257936	-0.2870382129836204	-0.5419994112239259	-0.5351036384366492	-0.8284947284389972	-0.9679030094937779	-1.1356519689136395	-1.1635388520331902	-1.4137360965926458	-1.46326940398174	-1.6092587133337246
0.9999999999999988	0.9798004235736752	0.9249745676088894	0.86383949379139	0.776701488006488	0.6724151581218848	0.568757818011633	0.46297912267779917	0.3434653033795012	0.24616775187159115	0.16745092550153012	0.09162364310401411	0.05671059619257577	0.07241192144065889	0.1001463500285613	0.12154341500897481	0.1316946077041066	0.12298028590970651	0.11089307142335385	0.0989076587780919
0.0	4.036709344134831e-16	-0.16388010153347243	-0.30684607520330975	-0.45106103636129674	-0.5379271432519905	-0.7838686702923479	-0.8660680422194555	-1.0428776458743718	-1.2586901731915627	-1.623571853994677	-1.9320644252367993	-3.0871066055286533	2.453478487382856	2.075231316560286	1.8430660489129773	1.6879969319799712	1.589604720063257	1.35975366312814	1.3382261026651006
0.9999999999999988	0.9720731944584284	0.9113821011524266	0.8015572944535782	0.6960461005640202	0.5488442750017813	0.43405259305078675	0.30561927690896135	0.2302599180043508	0.16536086794100974	0.13595131198242894	0.1054941312146594	0.10442648899277668	0.0958018803890947	0.0756844621708378	0.06906914313633429	0.06191631959777132	0.045876054418909275	0.04215469149109379	0.043921471358447914
0.0	-5.068151966189027e-16	0.07929554428142731	0.15670545758327722	0.23942995884875068	0.3184440596251246	0.5165554924556433	0.6869821956693005	0.9208622035424205	1.3327739973724921	1.6700252897804277	2.0220703589812645	2.440677335942681	2.6903868218626457	2.799829507511398	2.85592929427668	2.879335181615717	2.60331118645348	2.3375070887523055	1.9947216947121025
0.9999999999999988	0.934017629401577	0.7910278131293043	0.5916613600932359	0.38520809159803865	0.20954792541109155	0.09148556407426402	0.057782937561990634	0.054072175968746174	0.05105665710266945	0.05159540057976175	0.04859978264500259	0.04206272092802269	0.037468769555485004	0.02346064510265542	0.02390602031665449	0.03643487440739438	0.04158656007708557	0.047033978602421915	0.0571784540065804
0.0	-5.163212247187784e-16	-0.1908862338076537	-0.2807676560040881	-0.31295389717445987	-0.32561254585965016	0.03956832004337037	0.8744483056669428	1.752777253368117	2.123562989615329	2.760624852504454	2.7912439078256805	-3.0732777605726627	-2.8807272843740135	-1.9804249923196686	-1.5262391188197162	-1.3993655055673397	-1.0729615599862055	-1.0057965451118274	-0.691893967201751
0.9999999999999988	0.9792978766422051	0.9259135826526318	0.8451629171967503	0.7403569667473591	0.6323061949360024	0.5147103479964696	0.4058379542492651	0.3075512945321692	0.22731166456425003	0.16597688281816217	0.1360332340999126	0.13838359568886238	0.15615869820399983	0.17883041557393328	0.19438654339317332	0.19777672939987126	0.20219965314736008	0.1868448332247633	0.16783929527815553
0.0	-2.0193904324537688e-16	-0.07811967136457837	-0.12292753420046164	-0.1639915107956014	-0.23923263701917163	-0.28736639979542206	-0.3850414142064281	-0.49303731213621166	-0.6677918954984841	-0.961668199341261	-1.3857394429618197	-1.8343114928584587	-2.140850964895156	-2.3510987330521305	-2.48051152871133	-2.55927588857463	-2.6357465052623184	-2.6473720410959833	-2.663601562538437
0.9999999999999988	0.9831696197133195	0.9409884451276772	0.8784302717542046	0.7944935184686208	0.7061418348972688	0.6064254769051365	0.5157615857491075	0.4357982044983276	0.35998570325531865	0.30278452228395675	0.2553811888066885	0.21285664981855282	0.1831209894286663	0.15373072531608487	0.1322280061387163	0.11488351006547458	0.10419047566434206	0.10671511609506894	0.10474094239419145
0.0	-1.7291309377042986e-16	-0.04222057725074407	-0.06867086602967663	-0.09606096885690768	-0.1489829394382558	-0.18716592097752258	-0.25982274012398315	-0.3287999302798367	-0.40844701876211476	-0.49453925952536953	-0.5883350281475684	-0.6224643597776551	-0.646792470869298	-0.6269935969164562	-0.49695640726800394	-0.32169831150316996	-0.11834822972049104	0.07454608074958494	0.28863851446564404
0.9999999999999988	0.9460835907507228	0.8120612780828591	0.6290945653668745	0.42988673473337674	0.2645383483141481	0.13369864498815842	0.0856633668994512	0.10104894590034302	0.11949079060610335	0.13959836774195195	0.132240091151052	0.12635437042781636	0.11153616492134641	0.07968189552433212	0.06288383693713218	0.06222329958925676	0.07487722766919483	0.0881114739168322	0.09696663627502808
0.0	-9.4979637036401e-16	0.08615273214279577	0.14706544633042248	0.21457518045721574	0.37860821739916506	0.6214229022897871	1.3898851855697438	1.9475174090373704	2.107298539980305	2.149950221345933	2.1141431575466956	2.082865054320653	2.1265141030538235	2.1818622370948484	2.6167324933990317	-3.0510936636279946	-2.6867550560372595	-2.356554487433856	-2.110293313754117
0.9999999999999988	0.9426754758881659	0.8417395326903292	0.6857480651717315	0.5214779134605635	0.3485831290253822	0.2020788048651535	0.11759951100981686	0.03603745398667263	0.037149221687326046	0.04581109013709348	0.05716577749686491	0.09356699140148636	0.12197296780162026	0.12139261703328222	0.12742667193392998	0.11466765560265836	0.11527960154497002	0.10117018492420495	0.09786969183734859
0.0	-1.1593340633325669e-15	-0.254091470576486	-0.39313352129499685	-0.499982895552268	-0.736009491544742	-0.7741388271955005	-0.940444851122714	-1.3226761806688345	-1.55592301405789	-2.1177709452544278	-2.084445290679964	-2.3147027599660475	-2.5299688314566606	-2.7584479637287727	-3.011704780500319	3.048604274102222	2.8724003180056217	2.6931800334140794	2.652712466510778
0.9999999999999988	0.9711534847371854	0.9006545145603398	0.7967208606374344	0.6516999920547025	0.5196292124480022	0.3767699944546795	0.2506219806093	0.15068179710936452	0.06160616314691569	0.026291121071813642	0.03994102684884642	0.05740532944964411	0.06542477143018258	0.07511835514100366	0.1042934310044826	0.14006053027925236	0.18565904785992787	0.2319993486022133	0.27193832522848904
0.0	3.536776149615109e-16	0.019863445802400934	0.029523524078060033	0.04036548442046069	0.058368245645786535	0.06468655373255405	0.09605231784166968	0.12879543986496297	0.3366006221388603	1.0974969072666705	2.289115234669098	2.2754092095723877	1.9284941852074546	1.4608599798827162	1.0941600859338072	0.8495350318775856	0.6850942364764155	0.5860287585583785	0.5081943938223815
0.9999999999999988	0.9376619716707743	0.7715100294301466	0.5469240090507825	0.29971201293116484	0.1713900757238016	0.10736532019375694	0.09716606905080268	0.06744690706018035	0.02650640334873494	0.032924617342674586	0.05072926771957114	0.07496926244383821	0.09103195801195167	0.08941764512449062	0.0913645412368648	0.09024498644465721	0.0996529806437652	0.1083961733953441	0.10263933675072089
0.0	-7.844220796366243e-16	-0.05983868450293165	-0.13865965773047617	-0.3196051022586382	-0.7825275487855631	-1.5529994661337447	-2.1205029750223936	-2.218023201154736	-3.0226246920144995	1.2950443800991487	1.1199845615185007	1.1350843545512272	1.109904075319276	1.3441730177883786	1.3217997224576636	1.38761847086233	1.3692834669044593	1.3158098299581467	1.2419185125605452
0.9999999999999988	0.9656378712452706	0.8777554883086087	0.7515765796563729	0.5938296242595075	0.44800511987853553	0.30688734336847034	0.19443086632383028	0.11572864416837923	0.06503740098149922	0.049373523868122285	0.04967143185483387	0.04044920010546572	0.04786494599403455	0.054532001887477664	0.07767450765261805	0.08653551566789694	0.10428010515640324	0.10909293559467448	0.10264028807568981
0.0	6.79059400470303e-16	-0.07609426603265738	-0.12283500627470492	-0.165818946557891	-0.261327494758612	-0.33445157118407454	-0.4686190698095275	-0.7807184329756247	-1.1465775136798806	-1.6684320660658383	-1.9223916226594608	-1.707705840021412	-1.5941773095940175	-1.0780064970968328	-0.7605599314946833	-0.7044071956132569	-0.6641552488963066	-0.6502522719447532	-0.6871905644882551
0.9999999999999988	0.976444392002959	0.9194198763419629	0.8382585378096273	0.7279908799370461	0.6201927465159935	0.5014684781905757	0.39716254589685346	0.3084362113990897	0.2270913132214032	0.17096958707629775	0.12733739907106387	0.09969765936495692	0.08829683912070327	0.08854630249190458	0.08979356283938869	0.09558166816979946	0.10100290062284802	0.09729700103196767	0.0946680301624846
0.0	6.146938090931822e-16	-0.04883504959450634	-0.07365350745065564	-0.09718768516083534	-0.1391865081585424	-0.1476989234080201	-0.1829112645732667	-0.18689516774383094	-0.19467498557031407	-0.15450265607487437	-0.04720517129526254	0.01385499834615665	0.12388059787678683	0.20364005481807543	0.2406526219824858	0.27899996630110135	0.21484948443755675	0.20498048689203102	0.2731643180632751
0.9999999999999988	0.9817121387822837	0.9290755229470126	0.8475898620107176	0.7410951753180192	0.6338431625339704	0.5182677636252362	0.40491710690896804	0.3094142002014714	0.23032797092156002	0.1655751473790668	0.12143195594346362	0.095781817857004	0.07204773417485344	0.06359456301728472	0.043124500052946935	0.034590260810580926	0.04928846632023976	0.07110415125392569	0.10487491460994404
0.0	1.6963572835143068e-16	0.015136993461181743	0.020952404302233187	0.021556592725289064	0.02362471134299451	0.012315431918396685	-0.023456158716338896	-0.06692427445070932	-0.1756724555300051	-0.34449194851880355	-0.5289076187607282	-0.830551043681121	-1.1109794591605964	-1.144813242644339	-0.9731402471901798	-0.2223288984479335	0.42110977741073313	0.8605510092564324	0.9518174120770837
0.9999999999999988	0.9379581659869773	0.77782576876429	0.5535019826636278	0.3056952323433226	0.14112168806626357	0.06383352508386952	0.08847117210307544	0.09018919143973202	0.08702913229583065	0.11093074670386319	0.14347635302848216	0.15319289105788583	0.14306718729309345	0.11127364190772075	0.06588682952110682	0.01848692680712587	0.04851068691231094	0.09296764828645948	0.1134096539936638
0.0	3.4400102076211993e-16	-0.041416875049809655	-0.09903102685458151	-0.23670360311534863	-0.5860371931714983	-1.689921692230769	-2.6900448843476763	3.072470249982963	2.4798054482371	2.1191118560384803	1.9286215995190836	1.920242093028748	1.9335380226147414	2.0882763538585043	2.228364893225019	-3.087663356871268	-1.0237848522713489	-0.7849857976115349	-0.5269364289034031
0.9999999999999988	0.9379464563017909	0.8222297943757526	0.6643305147415562	0.4627264782147457	0.30016214298047944	0.15326632997764475	0.07540588549658388	0.036398515466410396	0.012356553148622502	0.0038685298781743864	0.04105226118776508	0.051722968680918566	0.08451335565622599	0.09488523050780878	0.08393450312840892	0.08574791832860522	0.0693768325548923	0.06271768431062963	0.04073078611534626
0.0	9.543373266032386e-16	-0.02932054148021252	-0.057466965343035234	-0.09308646886867054	-0.1875063246009902	-0.33926401300673403	-0.6689920870321713	-1.2673097195269132	-1.3026541312114084	2.2510353875798286	1.6497724155692732	1.439905965719018	1.7377271576793045	1.8408951316319704	2.057132881682322	2.0817257454884457	2.1507856720014407	2.3377164565280624	2.454036174143037
0.9999999999999988	0.9781940030514439	0.9261281573104141	0.8515414239449182	0.7457527353911614	0.6430966842885026	0.5268162575735241	0.4217508475309373	0.33309924330439394	0.24965391486374552	0.19826205684363182	0.1597188228479877	0.1386899528858441	0.13087941774738118	0.127427909001003	0.12049248663787963	0.12157929917860716	0.12150035038966228	0.12613929038051316	0.12366797284080455
0.0	5.710329009603995e-16	0.035514059193887976	0.05879022144472011	0.08362339078186608	0.13169973875382654	0.16860866010393985	0.24432179780171953	0.3392893620950822	0.46550044586372025	0.6326481568739907	0.8510171913616886	1.0223046931843542	1.132385927840765	1.17874807401869	1.1222677569785753	1.044009685729656	0.9757544391396776	0.9184401804845497	0.8781199187085108
0.9999999999999988	0.9310489584567825	0.7492559087391714	0.5079515616200159	0.2527482717317761	0.07520103631117422	0.051475913512878876	0.12073597771259884	0.11831467682666631	0.13102812617727708	0.11081837531069524	0.09775226859007514	0.07652217160832311	0.07534636145480296	0.06437603274237307	0.0652784790107621	0.051214321000903514	0.04051264250256028	0.035495182541538675	0.03650681736056863
0.0	7.229187064390491e-16	-0.06595986170901369	-0.0956894906443685	-0.10399444974887039	0.03846546558904272	2.9518641774186154	3.1173036194768473	-2.9477859478411306	-2.6086565616703066	-2.277338244163436	-1.8863984984187432	-1.6527689326361594	-1.0752483728872149	-0.5533006467117811	-0.22244316795464686	-0.22352080543361386	-0.15015691449036014	-0.6419072081763462	-0.6440737861029451
0.9999999999999988	0.973612963197251	0.9196536627931783	0.8388243594553019	0.7286184145264598	0.6146625294039308	0.4857863468152183	0.3767480743275714	0.27445929508039224	0.18421864591135323	0.12218540906804909	0.07048164144738293	0.038124797569233856	0.015308706715492067	0.007221025544505774	0.007026005613591479	0.004221783947322961	0.015196539908599519	0.032735497101133194	0.05445353766578395
0.0	4.525615203922062e-16	0.08633292912176946	0.1299476808722134	0.16036728167708966	0.2240786960382702	0.2368029376799998	0.26298518925944064	0.28487599546066356	0.2436559372338566	0.2347508437310612	0.29030385957163546	0.16836226903375304	0.5494089146931788	0.9413593168531075	1.7240080576514705	0.14221054698993377	-0.4620798491040459	-0.46704360095517927	-0.5027777370889362
0.9999999999999988	0.9299665344150015	0.7650923624513212	0.5359208520588192	0.304650730059465	0.14538585083291672	0.053986344589702556	0.02531975128426232	0.016276707608310848	0.010722831021692893	0.013153014744584475	0.015963941306097636	0.0466366356161437	0.060974646683299036	0.10070630263539218	0.1028570962611988	0.08409300567495717	0.07521601158201868	0.06805990828536472	0.051927128615263954
0.0	8.655275895057566e-16	-0.1557831964932882	-0.26211240936956215	-0.4137045366118886	-0.7206383120897761	-1.2690036386450707	-2.5370282642492645	-2.8844544555353258	2.396489617866809	-0.2007164629813055	-2.4763841650474308	2.881119560425412	2.927353980904887	2.7930246982413047	2.7294005555511935	2.6482449397182592	2.6587651430806556	2.5916164207205905	2.254131540745865
0.9999999999999988	0.9552576127663173	0.8303139093787473	0.6440761418709462	0.4269353419055553	0.2760947346524485	0.16429005690496365	0.09828429351629314	0.08468319128927326	0.10227195389168384	0.13140976464339943	0.1549160042296225	0.17555618155876943	0.18563169329719453	0.17926828427302283	0.16103917517538355	0.13074198757262206	0.09562850608527525	0.06726178565900147	0.07383908825802402
0.0	2.1791694128915598e-17	-0.008056468251768114	-0.0071122872444400395	0.0033001387165284717	0.027282988534673158	0.0692020491994683	0.16862360148835417	0.09031197020557566	-0.04649783410887141	-0.1957887304818896	-0.3818855333132279	-0.5053088560379208	-0.6172585523407711	-0.7632761157034734	-0.8508405756308037	-0.8851872590923833	-0.7891850190863297	-0.3950819279394022	0.21716959060273416
0.9999999999999988	0.9767849486154689	0.9173960687495534	0.8264382723750622	0.7116327427190708	0.5959928878145088	0.47424577316989125	0.36679105648043775	0.2738232916392412	0.21269158134705834	0.1722405835413478	0.159791122246567	0.16846274147640572	0.17044434404005787	0.17126043823018036	0.15157457216870465	0.1289632948267021	0.11370558414686847	0.08634179821059527	0.08031977813419078
0.0	1.0620194753251773e-15	-0.08492744629350236	-0.13827087054083934	-0.19386427230128367	-0.29649114920847336	-0.37343916740026806	-0.5369696484452758	-0.7354175152397018	-1.010777676020529	-1.39075454957255	-1.752519591150412	-2.0331435226511347	-2.2467628088777434	-2.3876913889401297	-2.5011063475089914	-2.624243825669126	-2.814555164780903	-3.001849007803648	2.89195128591855
0.9999999999999988	0.9542044950393772	0.8317915520628356	0.6603362994819469	0.45212060486080596	0.2930979620654448	0.17167502791387632	0.1641888015588441	0.18975062944969578	0.19322651785435938	0.1918564052071843	0.18553934645949427	0.17580784648772538	0.17661322791725861	0.17917954334585504	0.183414446520635	0.1832666234018774	0.1726979369038011	0.1527339203298514	0.13666798614666717
0.0	-4.872182996188873e-16	0.05293523678698843	0.10591341836231909	0.20275705443639044	0.4544432645030942	0.9440234964027447	1.6454889050543184	1.934303397895353	1.9948399588511787	1.892108142097455	1.735129803412994	1.4692179804558734	1.2435426863663097	1.073972599113279	0.9146995966316541	0.8497941857238991	0.8651508134436805	0.9341208668577489	1.1375353779229025
0.9999999999999988	0.9512719980158375	0.841496181434385	0.6877807343153894	0.5008760076097459	0.31908895983270424	0.16250402509660292	0.08189037992821992	0.1080230061172101	0.1369221418711981	0.13486001172633552	0.11701733591226564	0.0850477947026863	0.09588637917329408	0.13054520174957757	0.17256023857447403	0.2072501068443599	0.22270538405161228	0.22640782327802178	0.22646933383409457
0.0	9.446160114354861e-16	0.10010989656381339	0.14680007809103593	0.1579915747924169	0.17092422208517083	-0.03689494229789475	-0.8461932640092311	-1.7999854867839464	-2.0404993293068685	-2.213380797358064	-2.3985031663292884	-2.9566773777321735	2.7493541817166323	2.3260452509300413	2.1401031797334964	2.0983320322266827	2.055357828182812	2.0174481060076745	2.0005498253221567
0.9999999999999988	0.9796647819407942	0.932629678167815	0.856371222701601	0.7730678782537888	0.6772602644194828	0.5897024162533903	0.4981408168694729	0.4115290600537455	0.33985203006758874	0.2761566886217065	0.23738070090466568	0.2007268816875667	0.17299784742364324	0.15020504764613815	0.13054125927606502	0.11516666170194023	0.09722699370226888	0.08585194780261002	0.0736934208972242
0.0	2.42036888018814e-16	-0.010500994870703238	-0.01827644718085862	-0.035765340414741845	-0.05701174904964592	-0.08118418922832234	-0.10147662973025552	-0.12205870975375784	-0.14660982035471612	-0.1538642170314766	-0.16108162197276468	-0.15198280303162695	-0.15328785168063283	-0.09013513847532664	-0.10277332066813784	-0.05837011333104608	-0.1104455437916307	-0.07665338568214036	-0.17097968185028853
0.9999999999999988	0.9672402896460838	0.8932094402714132	0.7712056995509107	0.6480300063464408	0.5162316303918674	0.4111631528156608	0.3261125561603578	0.28905633703240036	0.29104388982618756	0.31551270339880444	0.33342557022326197	0.3603492724858479	0.3660578131043579	0.35769285278684637	0.3375415560658983	0.2979814287508393	0.26403846306272005	0.22362797339241045	0.18834578438910002
0.0	-5.535119230498959e-16	-0.07788995032268206	-0.12999288757661406	-0.26190710887397567	-0.40820334514474443	-0.633670527941861	-0.9338996736553246	-1.323633970720897	-1.700004246341183	-1.9901893776808754	-2.171569852511417	-2.3501128294456857	-2.4505771785349504	-2.557811791416801	-2.6252471822061128	-2.7213064682375148	-2.7618441116551202	-2.8481634169138954	-2.874897665566754
0.9999999999999988	0.9734222762031264	0.9059422045758387	0.8080590067189555	0.6886093921958428	0.5684798386508999	0.4458978446852623	0.33376265427569785	0.22468945531572387	0.1471268839446609	0.07809441136237595	0.03665619563060422	0.014381783694952188	0.02734713843628851	0.0487082205979221	0.06163837996004442	0.0715701718889495	0.0768774986679487	0.07139285962603893	0.053542323602831635
0.0	-3.8632311250716105e-16	0.013129862336651865	0.01785114901426573	0.034490590176699344	0.03151742667108727	0.03823160007160902	0.01554009953491726	-0.024820887937947005	-0.08244169370227807	-0.2820537058173597	-0.44759182319556773	-1.6332403561509667	-2.995536558491386	3.1135946942543113	3.080631023257133	3.067339678374488	3.0955601085536366	-3.133201634353361	3.1275069291038307
0.9999999999999988	0.947910831286133	0.8147244333155759	0.6398280746719568	0.45950701150211903	0.3198917668552859	0.21260844490483	0.12764316547779406	0.06360915821593975	0.030747729876352176	0.028920664312557038	0.03479981540368922	0.04063703791170661	0.05038315210221167	0.05270572756511327	0.06298690982341947	0.0800114691328921	0.1032092703288344	0.12252189428685695	0.1427143403866378
0.0	-9.950892625444228e-17	0.01898686240405605	0.03848250839698157	0.10505238193520336	0.17948467003696333	0.315781578770132	0.415397113126152	0.6947329821727266	1.230527008741163	2.128696637598056	1.8510679264908358	1.8940200981588506	1.709427554851435	1.7634357856138332	1.9232307200650136	1.9913625443612284	2.138535706308362	2.1765362020262162	2.202287966186808
0.9999999999999988	0.970807225642911	0.8968180044618922	0.7886857645772346	0.6558789490600119	0.5230806193737719	0.38512968990623747	0.2557998685906635	0.13064025891309278	0.06975463443691697	0.09236343166044911	0.1178886575989939	0.1240518026754819	0.1215102258247083	0.10996066518008979	0.09493243807646974	0.0809446327363511	0.07479494154675154	0.0631404196611719	0.06140709284576334
0.0	-2.57242026334833e-16	0.03874284645721062	0.061726334558666204	0.12622804746523353	0.1806788531429327	0.27397283481981394	0.3728882850359709	0.6715624332702461	1.4311325073950503	2.489323524279259	2.673536004642813	2.8045348475212357	2.8228513409476568	2.9571617682170563	3.0575627289559817	-3.1256129707996254	-3.021173617762913	-2.879237388579999	-2.7206465900375143
0.9999999999999988	0.974695075842604	0.9139083168501361	0.8192026511986726	0.7116563526353415	0.6034725972872186	0.49257635919039333	0.39380671014174784	0.30904704314610515	0.2419539993340884	0.18902077165419756	0.1541507471107752	0.129896492115065	0.11758205149581552	0.09245406132114395	0.0784774141980073	0.052500826061816074	0.046717045260093334	0.0495568789121915	0.06369462906960556
0.0	-1.783041604968858e-15	-0.08576369480478949	-0.1349735470744981	-0.2568385706459683	-0.3581539479815716	-0.5023931020084034	-0.6393283030033822	-0.8271247397811154	-1.0681684389997657	-1.3377955137009234	-1.645581890754911	-2.0323864579688857	-2.3398005383173857	-2.5854484532572983	-2.8529004733233285	3.071144704777387	2.5734097301892356	2.124038737666025	1.852157217218118
0.9999999999999988	0.9577560091756613	0.8601028378495056	0.7103076613464832	0.5585244888205478	0.4136600417578623	0.2966402881652519	0.20815498291889284	0.1446656598916182	0.1183495287381053	0.10086850263591232	0.10551344139873776	0.09929300078912068	0.10994497267884179	0.10426056064202435	0.1290720744910236	0.12988746872184623	0.1536975247589259	0.15203062258108482	0.15223919512202821
0.0	-8.988689961610695e-16	-0.055751631887310714	-0.08547298285843226	-0.16379953309687395	-0.20697303360062944	-0.23951389816438992	-0.22779452469396877	-0.2590772541075021	-0.2819040384186663	-0.3943563102965431	-0.5861489693119856	-0.7053340364205511	-1.0113717708200465	-1.198777184612057	-1.347465355862337	-1.377724444177135	-1.3726895223372693	-1.3191708711491614	-1.3098815072711496
0.9999999999999988	0.9857815700742877	0.9504357944141723	0.8947714429211079	0.8253376967995228	0.7518002077401161	0.6658635034431719	0.5809501707101301	0.4925493764270971	0.4078678690010798	0.33273468525183886	0.26537103002205675	0.20988088931565482	0.16577699023976808	0.13308496311693258	0.11239597673327045	0.0944450060341662	0.09087692446021538	0.07496807786597982	0.058782091966972455
0.0	5.436647454733338e-16	0.057316333968167994	0.08691470946827276	0.15740857949871323	0.20894678988530563	0.2730199152914914	0.3268092751638644	0.401129864962965	0.4820694008216542	0.5967930797161798	0.7207808082820774	0.8802961085241595	1.0680079303122927	1.2694176804059305	1.5348402612813001	1.7254885171058192	1.9014479660658061	1.9884209238256796	1.9866120390343394
0.9999999999999988	0.9577798212508823	0.8708404240397636	0.7258494783899554	0.5982323077493579	0.44884932270518035	0.34453086854681103	0.23162977097960774	0.14354745128768878	0.07399141821872084	0.03399973697247475	0.06128593937750281	0.09405142656811633	0.13721324864099357	0.16203082819869005	0.1725389772484711	0.16663987253156023	0.1482452750085391	0.12536056446078933	0.10291039113649489
0.0	-1.749357101840532e-16	-0.04068889219887308	-0.04901295454259447	-0.06609533514534045	-0.03588775304878467	-0.002189763268204161	0.014223815980775753	0.0259189753705272	-0.27155448909983115	-1.1362539369263542	-1.9290020652775768	-2.23097864220547	-2.1859199333012236	-2.09033346514814	-2.041132223590549	-2.0040160908495546	-1.8886869836298714	-1.7449922567826688	-1.4274295211148258
0.9999999999999988	0.9884989466174829	0.9586121231045942	0.9123399179429543	0.8544687104972039	0.7920527235944081	0.7249120574310981	0.6542546890730216	0.5754705231811685	0.5047134733108023	0.42947244184008915	0.369138279424974	0.31365594210226905	0.26326527322254817	0.21523907970364387	0.17748346393810735	0.14521942061732862	0.12177772859998738	0.1069221413840704	0.1036311608389626
0.0	-5.951601727630427e-17	0.025151150950134732	0.038155142542706535	0.07079973196849003	0.09343530715744552	0.12473000311816816	0.1467146275457285	0.17772447197619373	0.21248212507230943	0.2566791747694568	0.31797761514396977	0.3822908750844684	0.4846987939289029	0.5825378902786825	0.7196057214438458	0.9025167159882398	1.1024284467831367	1.357070052226625	1.5412258152666816
0.9999999999999988	0.9664362790735044	0.8793366445864369	0.7546421806613725	0.618335897402598	0.5054820505902672	0.4088859585140183	0.3386553422701317	0.2777607644718991	0.23625849601771282	0.20303356122873223	0.1867447854246902	0.1654509115956428	0.159732754918031	0.14776547348067223	0.1490123963908408	0.13771844469091654	0.13056943135107618	0.11566993253867887	0.11368197075983427
0.0	-8.44911693984738e-16	-0.007914269204951368	-0.016344505045596702	-0.03667627749055379	-0.06996109917850249	-0.11027166207761785	-0.14843024401813257	-0.17476893003897276	-0.185250791902872	-0.1493801833789803	-0.07217809530084024	0.056507241982025745	0.1745584833821274	0.2881068337533184	0.31717484333374696	0.3362571925050148	0.3352862945994618	0.30139678037465073	0.2925113191809374
0.9999999999999988	0.970792477046488	0.8984467921500923	0.7897505272882469	0.6620494764579405	0.5385223676988965	0.41394768785725966	0.30347964710031794	0.20358348667226467	0.1282214734500537	0.07354828360382715	0.045293292305215456	0.036741692836571305	0.030905774061941015	0.03691995193401078	0.048413934840222904	0.06317794569527985	0.07939786136726715	0.0927669064109539	0.10975674810238192
0.0	2.285017341352055e-16	0.06630811592729428	0.09709416907242897	0.17555754070459606	0.2113999488872982	0.25198963668244617	0.24534001536427133	0.24277685593836476	0.21558129568738468	0.13776760332611127	-0.026394194146990388	-0.31328773196581433	-0.6576825937242523	-1.0070567148057907	-1.2315925359851154	-1.2811808216621476	-1.1992079226557455	-1.172583151268154	-1.0967445669501352
0.9999999999999988	0.9751190211206768	0.9200496844643359	0.8316598051015259	0.7414987246486852	0.639282648765268	0.5473081993754368	0.4525843120342065	0.3596715713083554	0.28862618440939103	0.2153241539432594	0.16252102309788957	0.1109567113768262	0.07446662584145264	0.058698586000783	0.06478018857521607	0.0750185198485606	0.10272872459899388	0.10866578116200762	0.1221290527646925
0.0	1.4290820116441579e-15	0.06414939543883315	0.10108029052555076	0.18765735721080065	0.2647016382497637	0.3547816777448497	0.4309446294452276	0.5329066673567331	0.627997785908849	0.7466172818967433	0.8446152740531838	1.028114560166364	1.4109694171062857	1.704730110644099	2.1876907854121486	2.264732300643163	2.4112040122847236	2.3993374670120984	2.461350408643625
0.9999999999999988	0.9456997552303779	0.8256288857968654	0.6558579794806495	0.480547946818206	0.3199752675303036	0.1823278245516363	0.11721880225823761	0.1401411806904354	0.15235018036670528	0.1574938585365515	0.13222909112801742	0.12689560874891984	0.11663562020001304	0.11269047008227961	0.08559726874746434	0.09280432692714208	0.0802316372236853	0.11789058817670776	0.13599718733198102
0.0	4.3760185719504946e-16	-0.17728647204347434	-0.2785695915892395	-0.538742453077521	-0.8038056813196044	-1.2950938111638395	-2.1787454034069533	-3.056958083388995	2.839072763388064	2.539373891691665	2.1451149755956167	1.8524095633038735	1.4827688114920121	1.3822962534466086	1.3029973361924063	1.5178823595160866	1.8034698350558138	1.86996089865876	1.9785459163966086
0.9999999999999988	0.9598624146130275	0.8670861458148456	0.7276590685239639	0.5797634985909383	0.4370652215886363	0.31507852942576914	0.2164900327017388	0.14289029892081903	0.09014384287678057	0.08152874832917599	0.09880087031487184	0.103566868819043	0.10927895796249536	0.0684689863487707	0.05965901375217349	0.02086983726314342	0.0014413693911469402	0.03383214009154708	0.03902681440707849
0.0	7.715317139642199e-16	0.08945142452936468	0.12371368452167512	0.19929284338363343	0.20379702302308828	0.16956756801872291	0.058262191622314156	-0.10647940875693525	-0.5204039536264834	-0.9757448614011107	-1.4060998300896062	-1.4238265674295616	-1.5007505392684364	-1.3708357362167816	-1.3970374406642405	-1.154894999351826	-2.2008414831662395	1.74983389867584	1.9878265190494047
0.9999999999999988	0.9472284115230986	0.8309925835204671	0.6753277533668658	0.5127674452422917	0.3660965202156175	0.23260793591105677	0.13035173305191536	0.06569698149616067	0.03026003647374475	0.006126726346569433	0.008635723477707765	0.02209455030980723	0.05726906110350487	0.10360500453182671	0.13269226154408612	0.15226785006884824	0.13704450159676346	0.12188815475636208	0.08214101813809545
0.0	-1.5382343708001609e-15	-0.18972309197504664	-0.27768886815054145	-0.4953274098640811	-0.6319185971984962	-0.8498869135517366	-1.0848636449054636	-1.367119228541011	-1.786356180769725	-2.28092060326122	-0.03630287478115338	-1.059012179325493	-1.1350119111027461	-1.4185297725955806	-1.6444907249338607	-1.8470985080703748	-2.075519217966697	-2.3617420113068452	-2.648551998244019
0.9999999999999988	0.9368295219524185	0.7849920680341467	0.5918410609009648	0.37827412566352864	0.22073886425475828	0.07642909865289922	0.03670871852548808	0.04755987251005634	0.02973746354209743	0.04300365455094249	0.09393451862935848	0.1505461853297157	0.1919282359980563	0.22337584257548815	0.24085254754857963	0.22413561242544278	0.2135691132796819	0.1632526664540931	0.1446448569661925
0.0	1.415390127956619e-15	0.13960381532521907	0.2029784452852947	0.3749077374098384	0.4277152328803855	0.2746707619280388	-1.02498623176236	-1.5903973422095825	-1.2149692396575054	0.49429136836322285	0.7282386018469698	0.8770673810212468	0.907860538344226	1.0573303275058394	1.1259842361245704	1.2935606663968762	1.3811942845046452	1.5854413924999733	1.89196052880388
0.9999999999999988	0.9708483581125821	0.8954128564308811	0.7989859926858833	0.6780226677098163	0.5770448596944463	0.4575822479330249	0.36654962098912114	0.2738081894952321	0.2099829333411035	0.1493178645619092	0.10411276410459246	0.06584705473147676	0.047481420308768875	0.05145102964987012	0.06603932015499615	0.07763700624751883	0.07153397274713984	0.06598778678295203	0.047291341821753874
0.0	-7.273999890377742e-16	-0.12105771088588799	-0.18128252462106256	-0.3307878726037209	-0.43456051651813743	-0.5626766395514394	-0.6529230451125908	-0.7600112730200611	-0.8609159853720191	-0.9794950492749753	-1.154893015180005	-1.4665955715492307	-2.236487074286199	-2.9261124492865442	2.984215942648244	2.6828251051084293	2.571040253086251	2.4212146400556462	2.4617189260260024
0.9999999999999988	0.9741315139654186	0.9102866329930474	0.8173039552577869	0.7097572421811175	0.6047773934939202	0.5007215980982914	0.4067073631826205	0.31891648861936117	0.2600516796103412	0.20116353578601598	0.17185031083508145	0.14830036899869253	0.14103851263408296	0.1314858410530919	0.13286515305697824	0.1171621780973829	0.10202723304097476	0.08441996517620538	0.07383419065645518
0.0	-1.0595699383593102e-16	-0.08273128426464306	-0.12465390625572509	-0.22495042434242715	-0.30162812558911434	-0.40600544181889076	-0.5103946851174334	-0.6428019210929494	-0.8235443445693874	-1.0191300558251055	-1.2676973901200226	-1.5534563541889295	-1.8590626186513557	-2.082560070827136	-2.2593593222710124	-2.368437189637366	-2.4855527287509505	-2.5773702846758972	-2.76739847708148
0.9999999999999988	0.9483957600875678	0.8315322964369243	0.6913234476702735	0.5246286393937774	0.3935726716982626	0.2323125403513975	0.12199663161230259	0.04644732972495338	0.03414695609867881	0.05440151871767211	0.06972294565939799	0.06652025276470783	0.05627979936059425	0.05400716317038369	0.0853230437011237	0.10804809553808593	0.13297343067105294	0.1409700097384552	0.1312034949462389
0.0	2.2147706340134306e-15	0.23667224930004	0.34632668728282756	0.6236307755945917	0.7849830211620125	1.0247200603229698	1.1194173033188817	1.0144115644989709	0.07894185444653008	-0.12435389444859819	-0.14091109324447884	-0.24804596806710577	-0.5670761747842047	-1.2212531827376374	-1.4317686214193892	-1.4654944155322318	-1.2923452325824694	-1.1940221501104291	-0.9847058837873851
0.9999999999999988	0.9612430045428606	0.8780754325035858	0.767979948482599	0.6459563281954178	0.5126541936111666	0.4202571199358321	0.35511009049139364	0.30898957554532036	0.27235199831909573	0.2540007077993997	0.2514551616314708	0.24754982651518923	0.25602089373758835	0.26216959231635134	0.2644277595202028	0.26823915692913725	0.2749434496690881	0.278255340181559	0.274713544401978
0.0	2.4543470445857096e-16	-0.010658687200051413	-0.022278916244568625	-0.029769471451486715	-0.035548073938896176	-0.042209960924986106	-0.03463755819773953	-0.026750914932443588	-0.024252530909926066	-0.014477020281212482	-0.011533061880223535	-0.04996165914568445	-0.17273111364818605	-0.29460083026974543	-0.45566398073698783	-0.5977181794730043	-0.7525999111889846	-0.8743145428741949	-1.0049317500147157
0.9999999999999988	0.9587957267564972	0.870248755173888	0.7458450310409834	0.6140658611794759	0.4824441137265749	0.35562840897675196	0.24745377478321637	0.14488002409965595	0.06884813117204451	0.021614678987655758	0.055345466896242076	0.08532010161339879	0.10382004859636065	0.11429106727173749	0.12034542334601411	0.12411783407476598	0.1224478344851686	0.11486608553324061	0.10590648464847462
0.0	1.2303058208808764e-15	0.07533052774668637	0.1960611944605133	0.31261038033483174	0.40286201034852614	0.4950724568885343	0.5755894925033946	0.6083834984537374	0.7067764552498241	-0.09925260282512378	-1.0347370990414935	-0.9193941862685919	-0.6663260304570848	-0.3921045944203057	-0.0530582918062173	0.1888513576916517	0.39970170388539256	0.7527269704300451	1.1806789503009125
0.9999999999999988	0.9507297077816881	0.8355831735227898	0.6878973837881897	0.5250471724494086	0.3750039830571746	0.2716773543508406	0.22568593177514876	0.2077988227293954	0.20988342377313576	0.20009596792619602	0.1689653387721074	0.12073315001449336	0.09546654867037105	0.08427943563696501	0.09646078590111119	0.11797635613143043	0.13920564211409148	0.1369265814497066	0.12179216915308504
0.0	1.342922670732517e-15	0.032309615750230745	0.08992476981116296	0.17214154031389076	0.28693727706099453	0.5191444929945648	0.8199498436537834	1.0518588420747765	1.232822178640915	1.3173669685825853	1.339171573165975	1.283416326946449	1.5402248758108357	1.9488167940888366	2.4483596553152447	2.701977795134448	2.853757045503675	2.8950159257784205	3.0424380351831912
0.9999999999999988	0.9466728906180101	0.8069638822484272	0.634194614547676	0.4520369079008367	0.30815720226666665	0.21559827016583286	0.2051486391136493	0.20092130220756865	0.1933329137073063	0.1736956970297626	0.1629654643741866	0.17634878622846775	0.2040134077551121	0.22162557114712736	0.22039244248810663	0.19100029862814139	0.15061778567044196	0.10040890637858005	0.08766904303389206
0.0	1.96437817611227e-15	0.08562267953465658	0.2424445136171974	0.46222602107720323	0.7719619645162558	1.3174098323238272	2.0238545962292243	2.473612609708133	2.8262439744116232	-3.0133868492652036	-2.417770613331335	-1.8334469852636468	-1.4531230358360543	-1.2902257785182467	-1.1382674453857238	-1.0097180342618262	-0.8148439386229228	-0.3424919229493433	0.2850256062202942
0.9999999999999988	0.9648224632402002	0.892291135933636	0.7860132180747399	0.6507897936811081	0.4931795647624574	0.3424673469617613	0.21542127670223946	0.10055616504598253	0.05074324349428552	0.06617474889469491	0.0846086925904802	0.09288003081867226	0.10928349635729208	0.10843009164712568	0.10484751776302047	0.07964743400968359	0.06102130379756846	0.06482749331883729	0.07715382714958885
0.0	1.438377352990741e-16	0.00787325483382576	0.02144786091455595	0.03411215350071248	0.03931578347855635	0.01849510902629198	-0.043243620275197736	-0.31531759449766256	-1.2982267911442975	-2.301504151485927	-2.64719562430293	-2.7252063543438383	-2.7134592811730798	-2.8010936867177247	-2.976694410845208	3.074327083150024	2.6181463600657606	1.8761947052025407	1.550938872354884
0.9999999999999988	0.9912857126802916	0.9696837768498219	0.9382296711348369	0.8967617384449413	0.8493680547801045	0.7947641350670678	0.734274782891278	0.6670238616565827	0.6055975898105672	0.5465390415928931	0.4848224999397266	0.42229765874644176	0.3664463593092731	0.31705002045533803	0.2739135147313053	0.2402758604880485	0.20907535884822784	0.1832162546283212	0.17029227393254628
0.0	5.879910105354185e-16	0.024659743497206607	0.06527067927590063	0.10734036945963125	0.14379781420480886	0.18891797579524258	0.24295418877722702	0.287498434671373	0.3507321401927518	0.43102610399131036	0.5180058896280842	0.6076601854977444	0.7162246889908599	0.8560617477087923	1.0305518738848616	1.1932329743416976	1.3407715757454821	1.4699673573779575	1.606984367065345
0.9999999999999988	0.9874822034154771	0.9593736048118089	0.9172336023418443	0.8613957573734047	0.7909534577955772	0.715496547235804	0.6366563796903711	0.5514660266280009	0.47241862262431566	0.399581435956202	0.3319521572244387	0.26480288148721776	0.20804399647359534	0.16142097072978248	0.12168355906235592	0.08979128273634109	0.06208312968752865	0.04388381236626204	0.033393061820341324
0.0	-1.2648338353676553e-15	-0.01873612823690401	-0.0480583598896243	-0.07541469788717096	-0.09622279228996755	-0.11822301456539477	-0.13847286466379585	-0.14296744471830627	-0.1548388927937617	-0.17632346272075317	-0.18816712964858262	-0.1859911802460058	-0.17960509919248455	-0.1841973857888628	-0.19987455825677608	-0.20975841725472766	-0.22230256961964084	-0.16271538679558922	-0.10178207190764929
0.9999999999999988	0.9162963017195159	0.719360147902552	0.5005351702345788	0.2925164069846802	0.162320679316262	0.10505873375856921	0.08622698347254627	0.07565187191810735	0.08656970661696786	0.10055191766110536	0.11716504451841886	0.1180349084979886	0.11545957241606312	0.12559059391993582	0.09748687564376138	0.05608097016239466	0.01936651139833534	0.03826431528462308	0.043923864391044405
0.0	2.1203733873508035e-16	0.05869577463427407	0.17217318504138227	0.3959065173949024	0.8342500930009004	1.5563244435819032	2.352822056663488	3.01802999583693	-2.8255791267688526	-2.426879071991551	-2.2396949525061918	-2.362586907234002	-2.5139335627566757	-2.637345681960249	-2.727759471493889	-2.9354943612217	2.44006503025703	2.224118336467691	2.275057726667167
0.9999999999999988	0.9835928471114819	0.947932211589303	0.8947172053128624	0.834003364617835	0.766453096213912	0.6910284239862542	0.6114335398390439	0.5209161060571571	0.4401410047751366	0.3590237650065429	0.27942129751735917	0.20802046893332646	0.14396682823183765	0.08765554529095146	0.039587560836216534	0.033836471338147385	0.07855595855820707	0.11751616993346194	0.1363507161864822
0.0	-8.324475753006875e-16	-0.05542495025980993	-0.14424830301861538	-0.23102401356467853	-0.30130327831080156	-0.3782601282770856	-0.45983786212539807	-0.5229737805311061	-0.6328910887758505	-0.7608954081359425	-0.8551044782907904	-0.9176138723409687	-0.9739270207079689	-0.9328385338724557	-0.6440547333660629	0.6235033185561701	1.0334293810838648	1.0016638475350566	0.9282715358947694
0.9999999999999988	0.9558892884202829	0.8672883143279537	0.7460840059644543	0.6128001916495982	0.48037172783283444	0.3813497305704831	0.3049893100346007	0.24944091378594127	0.2126520439357786	0.18966739816509826	0.17543173294853073	0.16764150370281344	0.158462717103316	0.1395731476529741	0.12403051605102255	0.12205587705363406	0.13458305641701626	0.1444756156882569	0.1572370815651974
0.0	-7.549461791741104e-16	-0.03226334747491957	-0.08490135681902684	-0.13904067086690486	-0.18448019245928385	-0.24647404944326406	-0.31431002109844414	-0.3685910448076156	-0.4379780605889021	-0.43441168363208604	-0.34502304271287126	-0.25256671320797464	-0.19302224220828063	-0.030832321638781	0.25622596622133736	0.49692032632406247	0.687610046460883	0.7773541697587376	0.8665845101969925
0.9999999999999988	0.9576137757391195	0.8659010650045142	0.7381882717417896	0.601938786456973	0.4637253682803098	0.33732522366380324	0.22751065356772504	0.13554207174548366	0.07327809148335629	0.017689031251103528	0.04321932133960172	0.08491294783044791	0.1050145804425547	0.12095624728346235	0.11555686288655762	0.10837915101081241	0.09693200092814697	0.08599348262403338	0.08295519192293627
0.0	5.362058920808806e-16	0.06707156402469847	0.1775528224025178	0.2897404928661844	0.38299854350355267	0.4962994417744564	0.627858460138691	0.7386931767549809	1.0077453779888679	1.9395359827551268	-2.160672912723986	-2.109719420563472	-1.9530122732668862	-1.8212404542682539	-1.6356299562139285	-1.3697978609692867	-1.0119029879358974	-0.565226668465346	-0.15451775786079594
0.9999999999999988	0.9859930767578059	0.9481533874725643	0.8961804450481791	0.8258895075684163	0.7430306940846686	0.6550666923590646	0.5564327236967933	0.466557678975653	0.3850618978503267	0.3178750043479899	0.2578552376245861	0.19816216101671041	0.15418157766233748	0.12631494683841174	0.1186618825355985	0.11384945472919493	0.1080557741011601	0.10111926780067666	0.09903619875263069
0.0	-4.503978986448262e-16	0.010385499447260043	0.026648671371486236	0.043495663383976334	0.059784255828076255	0.08049986902128305	0.1081523449265438	0.13422685846976198	0.17913090892859768	0.24797374449063492	0.3358598507077691	0.4589864775732108	0.6211691857436982	0.8496667012731195	1.0121864379253598	1.0809195722032983	1.098337094464613	1.0539751221571074	0.9538310335066917
0.9999999999999988	0.9703411551101025	0.9042634951332712	0.8094209335810003	0.7102956159156126	0.6112767960945122	0.5009134434888528	0.3969511139235244	0.290809987867128	0.21391720650894402	0.1445723428954821	0.08271346612858445	0.04699244882944815	0.023680931240573022	0.041704416967323917	0.06130002211975711	0.07982702768188779	0.10088995935132573	0.11115874463196061	0.10701065332688142
0.0	5.720787059161589e-16	0.0830856679584044	0.21890634316815386	0.3556627602523585	0.470784787531882	0.5975081799447446	0.7428648836748316	0.8894271246877632	1.154635814387209	1.4614714651027174	1.6884883523761005	1.6441908493502502	0.7997318362647501	0.20704249205763253	0.18451437291376574	0.31200766530489055	0.30130166807178616	0.41367595767927906	0.7037987816186418
0.9999999999999988	0.9886510132904325	0.9634635201183098	0.9259384221618803	0.8801182033340266	0.8254431670140417	0.7680624915389325	0.7098207114191099	0.643844262436959	0.5802534998255469	0.5155169413029096	0.4520988307739104	0.3877302439433484	0.33076959946146467	0.27681182350277767	0.22575698168174801	0.17834936208816432	0.12531724277838277	0.0763898134436238	0.04599114268908337
0.0	-1.2493014201085423e-15	-0.034549245454265624	-0.09087712179043766	-0.1476685115594846	-0.1953613394021757	-0.25018091164348033	-0.30846384761818013	-0.34987038962936207	-0.41159824280852064	-0.4831725357825285	-0.5411498033013081	-0.5889880600888968	-0.660972313891824	-0.7367171440502289	-0.8264143456007569	-0.8983275685827751	-0.923558833147113	-0.7931406450391029	-0.42405832620530426
0.9999999999999988	0.9580372083749215	0.8632137680886963	0.7319574175480645	0.586376713039287	0.4399601410936657	0.3212987073175439	0.23456517816420847	0.18272102778469249	0.17891598861686805	0.19123006783639315	0.20236047867070228	0.2049294644273961	0.21481443116823148	0.195776945113379	0.17907283819322345	0.14998778899557885	0.12435054814340168	0.09883897593663336	0.07793947557591333
0.0	-8.546531110727228e-16	-0.04392948636368449	-0.11137851512744688	-0.17181639890899428	-0.2179138339231617	-0.32482479543080656	-0.5036543906815559	-0.7623556571084703	-1.0643514917013195	-1.2926419505169848	-1.3513271498046675	-1.3480096475491792	-1.368523904746152	-1.3348543274050206	-1.2605443256340583	-1.1509728306217344	-0.9384474374179619	-0.7893156558617268	-0.7218949096629776
0.9999999999999988	0.9504303846763128	0.8393702765198988	0.68908100650106	0.5309056730487063	0.381141304256542	0.2608343831428479	0.17696328543969067	0.11965212808053277	0.09332173390945685	0.0732290225011271	0.05808747294453637	0.06968510745613576	0.07512292127063294	0.06269486425158645	0.036849451962881585	0.026012246389226237	0.05524049396702338	0.09628214819832333	0.1179889378589851
0.0	2.044221569952977e-16	0.0799298891928366	0.2218072275902637	0.37694068766193145	0.5186528416290469	0.7563436961337351	1.0967280832481823	1.3295852306482558	1.4917333581266408	1.436864789283014	1.0112538122731294	0.6344525290617601	0.6770964960494807	0.8246524821106849	1.1270994865171249	2.578609130233028	-2.965721961484314	-2.769859159101278	-2.664560054468124
0.9999999999999988	0.9507065144092713	0.8416214799372175	0.6954240682926182	0.5273396130079064	0.36616562626899474	0.23105366109416445	0.13210812311794395	0.07655185697001156	0.07347052533736763	0.07144288495389671	0.06396542678801878	0.06286568311641022	0.05728537855014975	0.04345988101765166	0.032134986324617885	0.029552567936880214	0.01896585472563258	0.018214876460567516	0.007313111972706956
0.0	8.174511328772175e-16	0.014750602880843107	0.050004916274238344	0.11216942005766393	0.20904874313829125	0.3644585867542667	0.6447759902692316	1.1906390397789874	1.6383591327892113	1.786917985485468	1.6542765885305952	1.4751434695512073	1.3376758609408794	1.4071030781882428	1.3022622037843334	1.0751474930211131	0.49216755619318464	-0.23192548119631276	-0.6170086891032397
0.9999999999999988	0.9786961098795274	0.9260044548226825	0.855589981527906	0.7684429235033536	0.6840675520128988	0.6082814922980561	0.5369376830668529	0.47474627608516173	0.41945072721515075	0.3724085216678566	0.3294124052932649	0.29735631817500124	0.2724571808495395	0.25286059953651624	0.23736245401902753	0.23219771732048886	0.23965545987657677	0.2505546705913516	0.2651019023228239
0.0	-3.5449685729114485e-16	0.0037985563888040825	0.01423355517032278	0.03199201431163202	0.05332763359635329	0.07571802390173456	0.09362200773564937	0.09370034973541637	0.07131764972607889	0.02432725654512605	-0.02558122758110893	-0.07263520797893082	-0.08415633862139159	-0.060662779098564025	-0.056137244826968045	-0.05866664116365462	-0.06270124174447092	-0.02806599901866919	-0.02032387036988556
0.9999999999999988	0.9448979203926978	0.8280235102077055	0.6689202851815432	0.4992863044574074	0.33632442559221154	0.20633953407817732	0.11345204689277343	0.06705605814142601	0.05981190353087287	0.06119347948420547	0.09355295611821232	0.13009979629735183	0.14279290398919528	0.14502905498283175	0.13000073093629239	0.10748720558650185	0.08156627066505764	0.08271026389354734	0.07707612754200968
0.0	-1.130904871457024e-15	-0.06554575171275932	-0.18059335031376814	-0.2825744079828052	-0.3364056319496344	-0.46678268370964077	-0.6395588480812835	-0.3248751911890532	0.051640513769082574	0.35858611967204596	0.5813146893742673	0.6140683984398777	0.6906017572230785	0.648446524305716	0.527867965446753	0.36933676858357956	-0.1751816022256637	-0.8481157143827078	-1.5274529767979161
0.9999999999999988	0.9618062493653342	0.8816822894854918	0.7669204914706608	0.6279794542043945	0.46425440729390133	0.31964240342324163	0.200510350393951	0.09654161922417229	0.0218007034219874	0.03190236963905632	0.062450516678553725	0.0790741498180369	0.0865901495791611	0.10829703556286155	0.12844514569265553	0.1371070556587829	0.15676981496513825	0.18092977242007488	0.20151549500441335
0.0	-4.905819501350164e-16	0.010778977998328557	0.02343410449339316	0.026640055737544566	0.013169478901733613	0.01674353894099832	0.020121527076719273	0.03456593068142223	-0.043960746407248966	-2.5852104752974725	-2.421020210127961	-2.3610790076136334	-2.4637698610086094	-2.344381835157955	-2.1630895572329885	-1.9372312263921543	-1.7329464114846453	-1.578744688043305	-1.4940738832552523
0.9999999999999988	0.9600383672112346	0.8786167052728383	0.7523236441319224	0.6400008297032809	0.5199062448544113	0.3993127511136269	0.3214740325489515	0.23561889851400894	0.18567953294801365	0.13725678183626575	0.09255047719934538	0.05314645365615379	0.0651915454507103	0.0956910765108666	0.12275129297735851	0.1475109386215426	0.16912147996269014	0.17179439873061597	0.15649209959439433
0.0	7.480696017812171e-16	-0.057187110353949695	-0.07488739963499631	-0.10664969853569038	-0.11831636094751938	-0.10075647070899867	-0.04725624381824156	0.062279561794750145	0.14536943235992192	0.1432796693930969	-0.06418954299701912	-0.6334355453835909	-1.4710067472753616	-1.9037076291483663	-2.173323314693394	-2.3442119536446704	-2.5393538569192593	-2.6950075346208036	-2.8566519056040067
0.9999999999999988	0.959148555373068	0.881793897950791	0.7572911548240454	0.6327666948578683	0.5070309278345134	0.3815866904872778	0.28095410288076306	0.18255472186701918	0.10956078076534925	0.06206278628853785	0.03387851753047939	0.03672645947147055	0.04368468474729385	0.058555665503538024	0.06757385222004139	0.0767769721166361	0.07617144573493738	0.0819632999693654	0.09160683467290526
0.0	1.8357368295588003e-16	0.1355271303092946	0.1683234055625513	0.24688618845848642	0.31317053954423313	0.3676447093258423	0.4595602256199311	0.4418771453094776	0.46490332810817386	0.3235671743404115	-0.015663866267687714	-0.6345608419912023	-0.9160621980970223	-1.181468457234867	-1.3248918049244944	-1.369616750498948	-1.457135792867032	-1.465900443805972	-1.5853037978366311
0.9999999999999988	0.9464083448773801	0.8455501861368205	0.694329015519363	0.5594716753759531	0.43902939226802473	0.3333086267459749	0.263440572357804	0.2013587549180953	0.1738395682348369	0.16075755635340516	0.15155254111796476	0.1487011651232377	0.13775639375872478	0.13532010993316046	0.13229628665284607	0.12907089582389952	0.12276279638481094	0.12059681745453718	0.11184087056556777
0.0	4.875659086349413e-16	0.05879127124145668	0.05754358393357617	0.04266855905624938	0.007032895017528459	-0.09328437709751855	-0.18021917707366816	-0.26770091167862153	-0.34189504339203486	-0.3027603778731397	-0.2193361777435725	-0.1244597203170957	0.06278380433808209	0.31094161142814086	0.5317875264221694	0.8266868617594196	1.0929992713678958	1.3776487342258679	1.6461078317298137
0.9999999999999988	0.9810735608585306	0.9404698544235917	0.8792382774765066	0.8019896570433054	0.7192839896241492	0.6256476249679976	0.5407806870791272	0.44302371110886984	0.35522510328401896	0.2848724285061451	0.21421076084547824	0.17724550885210516	0.15493397249474658	0.13864069466057793	0.1372450802959591	0.12732001349787764	0.11900129403479383	0.11380546832262131	0.1039149410165046
0.0	4.738746513104974e-16	0.17798883110834002	0.22963649151428228	0.35373085878629085	0.4617780360225649	0.5946503473404542	0.7458112778636788	0.9049151150317062	1.10803705924546	1.355751749475409	1.685190352505173	2.0721599208090264	2.4719763098917773	2.8435795551951437	-3.140424660771852	-2.8875365149903196	-2.6738794835312163	-2.541165379487279	-2.3977670217498046
0.9999999999999988	0.9848298107575454	0.9523043187489932	0.8987317117423739	0.8263067133428732	0.7449197127536259	0.6527458530466919	0.5613055689020556	0.46127110407570376	0.3675697639935321	0.2740311291942781	0.19344966942579525	0.12763052582917786	0.08379268247813508	0.05425560480158891	0.05563412555983048	0.06527900239666254	0.08785685208824333	0.09540388213848373	0.1148343282308491
0.0	-6.0769850046643e-17	0.10714665697798412	0.13592762994465332	0.2060004173836695	0.26448372342495263	0.32671917834417397	0.4023137844377737	0.45280952960049825	0.5185781182430146	0.5674772858668208	0.5836101414605027	0.5581591628524825	0.41807813314092424	0.04306153642985097	-0.3565071073137128	-0.5890892538093094	-0.6380426976474644	-0.6829632645367678	-0.6200254621619706
0.9999999999999988	0.9557100870594912	0.8744433140334837	0.7452102420112541	0.623812302748301	0.5118850186420932	0.39667023645427696	0.30782260947036283	0.22148731213364117	0.16200020293947384	0.11860355268839604	0.09845646967952537	0.08265684326228373	0.08771549333283185	0.08493706195208954	0.08022768654683958	0.0910012678129582	0.08959498767549078	0.11177727171893946	0.12039862702240696
0.0	8.531039326137688e-17	0.12012669480080936	0.14334289839098302	0.20476413512330904	0.2600540896076925	0.316296773718044	0.43283588074723667	0.5067906558616904	0.629744106824032	0.6509697657331287	0.5132540909390839	0.1716188473147745	-0.020743938197910355	-0.43100198013180263	-0.45740891403640926	-0.8315339200648152	-0.8996664845477254	-1.1110095457257447	-1.1984344172067611
0.9999999999999988	0.9748986835762864	0.9222119828520305	0.8380743405302596	0.7600819920686526	0.6694308547973459	0.5695930154941826	0.49635262330712454	0.40201384663372414	0.3358952632924465	0.270659383171119	0.22261379508554568	0.1711665365220886	0.1550902767548801	0.14107675827381597	0.1410531731896649	0.1467584022723456	0.14566489453102735	0.15368967645219442	0.16770918231277757
0.0	-5.213608214103529e-16	-0.029614341178067976	-0.04388394963252248	-0.07079611468112555	-0.0957535139743485	-0.1196546679949823	-0.1310984826068955	-0.1258946227520228	-0.1228945141844175	-0.12468901085888043	-0.14038692122504434	-0.1467922109552454	-0.14437051771035103	-0.03581538361857054	-0.013725461260269852	0.00909658075505876	-0.12409974398652386	-0.21378326740476825	-0.3284325411279631
0.9999999999999988	0.9513162713392113	0.849351141032104	0.6987986829099504	0.5579876092155444	0.40995940964701133	0.27733876532688356	0.19482567838157816	0.12426889344047701	0.12143327530487474	0.14772443913536737	0.1787108602805586	0.2022970500915775	0.21625353339838635	0.22619047688043886	0.2252770254215868	0.2209464793251506	0.2160831876920233	0.18748159815630927	0.16348049959132532
0.0	2.571132413917412e-16	0.0066583276214826626	0.015427649841380217	0.04755507519822568	0.07683280410659885	0.13082712234540098	0.12203242088397027	-0.128267955833418	-0.4616348605932994	-0.7015544921310873	-0.7025086681766263	-0.6225900296514734	-0.4807991440322699	-0.33761585312359643	-0.17318500040698784	-0.07333477606570356	0.05459931769582784	0.038824146382679815	0.03161102419165861
0.9999999999999988	0.9403773580690512	0.8251243234230983	0.6527980959893004	0.5103911006969252	0.36895645213280204	0.23996474164886786	0.18617745936661284	0.17171265397017227	0.19231943248441538	0.19295864347213507	0.17524482632784324	0.14200787501637963	0.10583229293105036	0.06694618079100823	0.060868673588542754	0.04364642988080974	0.0448078246949045	0.034898014739842144	0.05276931313762001
0.0	-7.849240867982824e-16	-0.09825642766759063	-0.11297000144763604	-0.17028910451169846	-0.27675596670370367	-0.5145308049358271	-0.9536307488016197	-1.5831295177244933	-1.888581452049964	-2.1008712148650064	-2.2200753120037913	-2.273920673603862	-2.175420996443289	-1.932267584682093	-1.7546728566603111	-1.5334906163596367	-1.5721558372656985	-1.9801511820303654	-2.337465037621349
0.9999999999999988	0.9068132297770556	0.7373319341082526	0.5096250555609939	0.31910975175344214	0.18653776455356297	0.11634728835967563	0.10397036979202796	0.13035240061628517	0.14896876064731945	0.12336540067031453	0.08909641133144078	0.061239216925035596	0.0559150051929025	0.08996387114862667	0.09150696142497901	0.14026526354749186	0.15284533348762142	0.16992866440655305	0.1525969798431007
0.0	-1.4615233789345123e-15	0.37392192248658873	0.5323307655462088	0.9404945478046319	1.4044969196870656	2.3170290667594973	-2.9160953487777452	-2.3869830217747716	-2.010286453521731	-1.9713301203845262	-1.9731567660402098	-2.487123387804463	-3.1343465845756726	2.865672371752108	2.941339612319263	-3.0646214183014564	-2.754569429879965	-2.404824441266052	-2.2326946733803483
0.9999999999999988	0.9697975027719917	0.9091674703603896	0.8118184898698103	0.7198368315925456	0.617666893979111	0.5096181759155207	0.42852730494314073	0.33012754649271614	0.24916687875455623	0.17228417091165837	0.10881208336417193	0.057390770356868785	0.03472546665872715	0.019444368894523528	0.037412267099348924	0.054001562759089086	0.06579655859601989	0.07603927173863892	0.0881731110794077
0.0	1.0491007821244112e-15	-0.09282432500208686	-0.12417119020730454	-0.1926551302227018	-0.257924869835347	-0.33351314807203436	-0.4132259358043269	-0.4819658095991425	-0.5812130353264062	-0.6853479497373193	-0.8418267549611554	-1.024103726041407	-0.9705719442215182	-0.007519188106003348	0.3921422051991026	0.6770514810517239	0.7453412851174122	0.8956407192215223	1.043316255056105
0.9999999999999988	0.9357660316517252	0.7992794601961877	0.6066426364591829	0.4542141698850763	0.3134529070173015	0.2133014650203667	0.21477434060842235	0.206961950108267	0.22143637256619536	0.23327657452138387	0.2477253432979584	0.2548825761515129	0.261027580426012	0.25164592870592317	0.21564929973104752	0.187387550288431	0.13047300009183918	0.10721475364284853	0.09612952637547667
0.0	4.0134779404854274e-16	0.059836773744958785	0.0916399075070378	0.17199016328751712	0.32301633123253887	0.6227632624615149	0.792326789236574	0.9676546460520234	0.9142531000131855	0.8454627855596266	0.6771222126770842	0.5499424961280396	0.46652572519351937	0.43801152202164817	0.4648651449708996	0.5643580170734981	0.7302366887341043	1.050836815807894	1.6226024364548655
0.9999999999999988	0.9566121754387729	0.8608892223659425	0.7269438486537269	0.586769080027723	0.4377744836410509	0.2947711463012093	0.19535915047238595	0.1307523647292919	0.12288435059194454	0.1481214331754116	0.18352984904145161	0.2140031894036332	0.23184881972125734	0.2364208352415801	0.24830109628710567	0.21282557134247038	0.1889806220787978	0.14002403803304864	0.11111709237363745
0.0	-1.1061758856043123e-16	0.19544198754158296	0.26234728887934433	0.40587476573377057	0.5792969380342746	0.8189830704476391	1.229073417207324	1.9266693626332394	2.7658113830387485	-2.9247209671178416	-2.46426334985035	-2.1214037228604656	-1.8756734701601214	-1.6474759225131546	-1.5235285944184922	-1.389374478629724	-1.3431790979605622	-1.1188226928578022	-1.0823357145704515
0.9999999999999988	0.9040133556572435	0.735467698454719	0.4921488525578246	0.2996638404505526	0.1431796068247899	0.04674843261185119	0.02530568045042902	0.023508139104552357	0.031859970165663304	0.03750056172996223	0.04153548735016186	0.04585971147354281	0.04095647314670263	0.03985282277136709	0.06930335962706886	0.06798199898518262	0.08420877251736339	0.06870788272927579	0.061373006452844145
0.0	-3.549990064277187e-17	0.0053730085342545185	0.017362948802178004	0.013978092663657817	0.020521445954901935	-0.06604057422080012	-1.3619722101031377	-2.706566147616364	-2.441879516584272	3.008161044234604	3.092522684134351	2.9373957851718555	-2.8324037142885166	-2.8345037273875584	-2.4944450906714684	-2.5176380508347576	-2.5159786337219745	-2.7249401095067007	3.1007309209567415
0.9999999999999988	0.9762167008365054	0.9282893096010226	0.8544298413304724	0.7601093699313544	0.6676932915687578	0.5585615451830871	0.46092893156114567	0.3529083525700954	0.25744411317999105	0.17845186643232916	0.1006074733536178	0.03823358310097001	0.013361342181968	0.06063777517380889	0.08707049911550938	0.10986182036577943	0.11813215304402261	0.11961099204878786	0.11060401306491505
0.0	9.8800425337595e-16	0.18058122850074396	0.22614274076376323	0.34232623932463846	0.43325707454115314	0.5414654883033962	0.6693687136393723	0.7887797191661816	0.9300120190691759	1.101411955794512	1.2176918304036355	1.3794934926018618	-1.2904996127600983	-1.4072723183983862	-1.2482664517997106	-0.9877365766187188	-0.7793242312541713	-0.4236976021805181	-0.22632217381299646
0.9999999999999988	0.9723136336992226	0.9169917411044315	0.8321989268674687	0.7255628656740799	0.6231163662492795	0.5063601397369497	0.40517241806649384	0.3024236771042835	0.2160133281461481	0.15378132821577925	0.09155646886169586	0.05452267316601679	0.028349073444776874	0.021092444433873214	0.022143410939716356	0.029888305069472917	0.04642918639220517	0.049586518486579335	0.0577438069468439
0.0	2.604814112592817e-16	0.197537155784444	0.2489769903763572	0.3772802365187554	0.48181615618813367	0.6062001587799116	0.755119290288752	0.9084211161770698	1.0908588572233593	1.3447365415196746	1.5959495261536645	2.0325447555779617	2.7850404754937785	-2.390061227510253	-1.5468346527455759	-0.5679402707199024	-0.24496825807613373	0.15329552621539455	0.3014521212648961
0.9999999999999988	0.9576305091645244	0.8773656648541793	0.7514240513794536	0.6262413522346079	0.5091117447154914	0.39019911027407106	0.314403190137087	0.24785545029335768	0.21928089598117884	0.19059578020566786	0.17434001211336145	0.14965503073202355	0.12911880590585775	0.10764128294643552	0.09054018995670121	0.06742167224445063	0.06384201332790179	0.07497740814146203	0.09919994652752283
0.0	-7.427046427029591e-17	0.041411945841176884	0.06434898035773604	0.0994709979148104	0.15967346032547391	0.22375499381750458	0.31033974840382766	0.4042012117502567	0.49389209533215395	0.6196387183884897	0.7139630754182404	0.8513325062465122	0.8839211447342603	0.9279908200663044	1.0149864539404327	0.9768336190780549	0.7480925182917347	0.5566843290772832	0.39780797866586104
0.9999999999999988	0.9636304690156211	0.8905919763955139	0.7729480642906966	0.6093941573898307	0.44722517357788505	0.2712578113741266	0.11831993001836381	0.07932588105291179	0.17006634871291185	0.24290763241431024	0.2904168534399496	0.298523091612626	0.2729871685852052	0.22500315070547489	0.1710738360279561	0.12789241064311735	0.12249643543744153	0.12788680136445404	0.16186356192065338
0.0	-4.752516782970808e-16	0.20213061591377185	0.24737743245156169	0.36974360987008	0.4421668896414041	0.46545373971863935	0.3652231799937384	-1.1860282705082137	-1.625608180503287	-1.6049235559281916	-1.4721244741809056	-1.2936439736407601	-1.0568739951851538	-0.8251579020524622	-0.34352877161709844	0.21968913544090404	0.9429774487906888	1.6762050802664321	2.1523077837666715
0.9999999999999988	0.9798352235397512	0.9396272548561998	0.8729041070209564	0.7944720677433341	0.7115314647484509	0.615433671861489	0.5318112822508362	0.4390409622035576	0.3620175097370045	0.2881694604500544	0.22982111167342925	0.1783333678933645	0.1444898549058008	0.10913943957209946	0.09559467137232379	0.08384340883990077	0.08547586932417926	0.08434411069926308	0.08827927569983143
0.0	-1.5756770694993526e-16	0.07105841601723463	0.08689721829052532	0.12779210254812895	0.1583101997338122	0.18908150912210306	0.23419897714353063	0.2506569991786772	0.2885439617432304	0.30910260884880475	0.32145216465956483	0.29393521035566134	0.26723118873393076	0.17019669537230792	0.14733010273803	0.05640537854122299	0.19599352214155444	0.1746010480579869	0.3475308458486697
0.9999999999999988	0.9489040131989156	0.8405144461122493	0.6821026405223151	0.5267814677883699	0.37139655233907387	0.24608595306570094	0.16299311186191595	0.10627073516391417	0.07966686679985924	0.07772047099073269	0.08023283413851348	0.09021625828910343	0.08355360093040543	0.08088930231939882	0.07820421129607097	0.08150990638328706	0.09557987927539935	0.12315722614929851	0.13927854976619888
0.0	-4.807991828845409e-16	-0.11761988084538946	-0.13520599262652866	-0.1719566774330385	-0.1845641061823562	-0.13535747034910395	-0.0891143595816591	0.10296867881315498	0.3939189018424044	0.5622578814105323	0.659864794181175	0.5824435679033528	0.5735481623828338	0.6410241032034348	0.9836436197138358	1.3548587297880845	1.6217198985289654	1.779246210347616	1.7480761873276924
