7.0	3.0	20.0	0.01	6.0
0.9999999999999999	1.0000000000000013	0.9999999999999984	0.9999999999999994	1.0000000000000009	1.0000000000000013	1.000000000000001	0.9999999999999992	1.000000000000001	1.000000000000001	1.000000000000001	1.000000000000001	0.9999999999999983	0.9999999999999972	0.9999999999999993	0.9999999999999969	0.9999999999999982	0.9999999999999996	0.9999999999999996	0.9999999999999982
0.0	0.0	0.0	0.0	0.0	0.0	0.0	0.0	0.0	0.0	0.0	0.0	0.0	0.0	0.0	0.0	0.0	0.0	0.0	0.0
0.9999999999999999	1.0000000000000013	0.9999999999999984	0.9999999999999994	1.0000000000000009	1.0000000000000013	1.000000000000001	0.9999999999999992	1.000000000000001	1.000000000000001	1.000000000000001	1.000000000000001	0.9999999999999983	0.9999999999999972	0.9999999999999993	0.9999999999999969	0.9999999999999982	0.9999999999999996	0.9999999999999996	0.9999999999999982
0.0	0.0	0.0	0.0	0.0	0.0	0.0	0.0	0.0	0.0	0.0	0.0	0.0	0.0	0.0	0.0	0.0	0.0	0.0	0.0
0.9999999999999999	1.0000000000000013	0.9999999999999984	0.9999999999999994	1.0000000000000009	1.0000000000000013	1.000000000000001	0.9999999999999992	1.000000000000001	1.000000000000001	1.000000000000001	1.000000000000001	0.9999999999999983	0.9999999999999972	0.9999999999999993	0.9999999999999969	0.9999999999999982	0.9999999999999996	0.9999999999999996	0.9999999999999982
0.0	0.0	0.0	0.0	0.0	0.0	0.0	0.0	0.0	0.0	0.0	0.0	0.0	0.0	0.0	0.0	0.0	0.0	0.0	0.0
0.9999999999999999	1.0000000000000095	1.0000000000000098	1.0000000000000144	1.000000000000021	1.000000000000027	1.000000000000039	1.0000000000000426	1.0000000000000515	1.00000000000006	1.0000000000000653	1.0000000000000693	1.0000000000000757	1.0000000000000828	1.000000000000088	1.0000000000000995	1.0000000000001064	1.0000000000001137	1.000000000000119	1.0000000000001292
0.0	2.4980018054065786e-16	3.88578058618801e-16	-2.7755575615628514e-16	1.3877787807814163e-16	-1.9428902930939714e-16	2.775557561562783e-17	-2.359223927328357e-16	6.765421556309199e-17	-4.1633363423440875e-16	-8.32667268468813e-17	-2.775557561562699e-16	1.3877787807813407e-16	2.6367796834845284e-16	1.3877787807813236e-16	-5.5511151231252305e-17	-9.714451465469087e-17	-3.122502256757898e-17	-5.273559366968866e-16	8.326672684687598e-17
0.9999999999999999	1.0000000000000095	1.0000000000000098	1.0000000000000144	1.000000000000021	1.000000000000027	1.000000000000039	1.0000000000000426	1.0000000000000515	1.00000000000006	1.0000000000000653	1.0000000000000693	1.0000000000000757	1.0000000000000828	1.000000000000088	1.0000000000000995	1.0000000000001064	1.0000000000001137	1.000000000000119	1.0000000000001292
0.0	2.4980018054065786e-16	3.88578058618801e-16	-2.7755575615628514e-16	1.3877787807814163e-16	-1.9428902930939714e-16	2.775557561562783e-17	-2.359223927328357e-16	6.765421556309199e-17	-4.1633363423440875e-16	-8.32667268468813e-17	-2.775557561562699e-16	1.3877787807813407e-16	2.6367796834845284e-16	1.3877787807813236e-16	-5.5511151231252305e-17	-9.714451465469087e-17	-3.122502256757898e-17	-5.273559366968866e-16	8.326672684687598e-17
0.9999999999999999	1.0000000000000095	1.0000000000000098	1.0000000000000144	1.000000000000021	1.000000000000027	1.000000000000039	1.0000000000000426	1.0000000000000515	1.00000000000006	1.0000000000000653	1.0000000000000693	1.0000000000000757	1.0000000000000828	1.000000000000088	1.0000000000000995	1.0000000000001064	1.0000000000001137	1.000000000000119	1.0000000000001292
0.0	2.4980018054065786e-16	3.88578058618801e-16	-2.7755575615628514e-16	1.3877787807814163e-16	-1.9428902930939714e-16	2.775557561562783e-17	-2.359223927328357e-16	6.765421556309199e-17	-4.1633363423440875e-16	-8.32667268468813e-17	-2.775557561562699e-16	1.3877787807813407e-16	2.6367796834845284e-16	1.3877787807813236e-16	-5.5511151231252305e-17	-9.714451465469087e-17	-3.122502256757898e-17	-5.273559366968866e-16	8.326672684687598e-17
0.9999999999999999	1.0000000000000078	1.0000000000000115	1.0000000000000147	1.000000000000019	1.0000000000000187	1.0000000000000244	1.0000000000000242	1.000000000000031	1.0000000000000326	1.0000000000000373	1.0000000000000435	1.0000000000000469	1.0000000000000513	1.0000000000000542	1.0000000000000515	1.0000000000000555	1.0000000000000573	1.000000000000058	1.0000000000000664
0.0	-2.2204460492502958e-16	1.1102230246251437e-16	-5.5511151231257014e-17	-1.2143064331837418e-16	6.522560269672673e-16	-4.1633363423442355e-16	6.938893903907061e-17	1.110223024625122e-16	2.3592239273283807e-16	3.0531133177190666e-16	1.1102230246251082e-16	5.5511151231255226e-17	5.551115123125498e-17	5.551115123125482e-17	1.457167719820443e-16	4.996003610812927e-16	2.220446049250186e-16	4.0245584642659593e-16	6.591949208711429e-16
0.9999999999999999	1.0000000000000078	1.0000000000000115	1.0000000000000147	1.000000000000019	1.0000000000000187	1.0000000000000244	1.0000000000000242	1.000000000000031	1.0000000000000326	1.0000000000000373	1.0000000000000435	1.0000000000000469	1.0000000000000513	1.0000000000000542	1.0000000000000515	1.0000000000000555	1.0000000000000573	1.000000000000058	1.0000000000000664
0.0	-2.2204460492502958e-16	1.1102230246251437e-16	-5.5511151231257014e-17	-1.2143064331837418e-16	6.522560269672673e-16	-4.1633363423442355e-16	6.938893903907061e-17	1.110223024625122e-16	2.3592239273283807e-16	3.0531133177190666e-16	1.1102230246251082e-16	5.5511151231255226e-17	5.551115123125498e-17	5.551115123125482e-17	1.457167719820443e-16	4.996003610812927e-16	2.220446049250186e-16	4.0245584642659593e-16	6.591949208711429e-16
0.9999999999999999	1.0000000000000078	1.0000000000000115	1.0000000000000147	1.000000000000019	1.0000000000000187	1.0000000000000244	1.0000000000000242	1.000000000000031	1.0000000000000326	1.0000000000000373	1.0000000000000435	1.0000000000000469	1.0000000000000513	1.0000000000000542	1.0000000000000515	1.0000000000000555	1.0000000000000573	1.000000000000058	1.0000000000000664
0.0	-2.2204460492502958e-16	1.1102230246251437e-16	-5.5511151231257014e-17	-1.2143064331837418e-16	6.522560269672673e-16	-4.1633363423442355e-16	6.938893903907061e-17	1.110223024625122e-16	2.3592239273283807e-16	3.0531133177190666e-16	1.1102230246251082e-16	5.5511151231255226e-17	5.551115123125498e-17	5.551115123125482e-17	1.457167719820443e-16	4.996003610812927e-16	2.220446049250186e-16	4.0245584642659593e-16	6.591949208711429e-16
0.9999999999999999	0.9999999999999976	0.9999999999999916	0.9999999999999942	0.9999999999999936	0.9999999999999926	0.9999999999999933	0.9999999999999885	0.9999999999999867	0.9999999999999826	0.9999999999999811	0.9999999999999787	0.9999999999999799	0.9999999999999785	0.9999999999999795	0.9999999999999755	0.9999999999999716	0.9999999999999694	0.9999999999999656	0.9999999999999621
0.0	2.7755575615628983e-16	-5.55111512312583e-17	2.4286128663675437e-16	-1.6653345369377457e-16	5.551115123125825e-17	4.649058915617874e-16	6.938893903907308e-16	4.718447854656978e-16	1.665334536937764e-16	2.567390744445723e-16	1.3877787807814753e-16	-5.551115123125895e-17	2.498001805406656e-16	1.942890293094064e-16	-1.6653345369377757e-16	-3.469446951953713e-16	4.996003610813357e-16	7.494005416220065e-16	1.1622647289045046e-16
0.9999999999999999	0.9999999999999976	0.9999999999999916	0.9999999999999942	0.9999999999999936	0.9999999999999926	0.9999999999999933	0.9999999999999885	0.9999999999999867	0.9999999999999826	0.9999999999999811	0.9999999999999787	0.9999999999999799	0.9999999999999785	0.9999999999999795	0.9999999999999755	0.9999999999999716	0.9999999999999694	0.9999999999999656	0.9999999999999621
0.0	2.7755575615628983e-16	-5.55111512312583e-17	2.4286128663675437e-16	-1.6653345369377457e-16	5.551115123125825e-17	4.649058915617874e-16	6.938893903907308e-16	4.718447854656978e-16	1.665334536937764e-16	2.567390744445723e-16	1.3877787807814753e-16	-5.551115123125895e-17	2.498001805406656e-16	1.942890293094064e-16	-1.6653345369377757e-16	-3.469446951953713e-16	4.996003610813357e-16	7.494005416220065e-16	1.1622647289045046e-16
0.9999999999999999	0.9999999999999976	0.9999999999999916	0.9999999999999942	0.9999999999999936	0.9999999999999926	0.9999999999999933	0.9999999999999885	0.9999999999999867	0.9999999999999826	0.9999999999999811	0.9999999999999787	0.9999999999999799	0.9999999999999785	0.9999999999999795	0.9999999999999755	0.9999999999999716	0.9999999999999694	0.9999999999999656	0.9999999999999621
0.0	2.7755575615628983e-16	-5.55111512312583e-17	2.4286128663675437e-16	-1.6653345369377457e-16	5.551115123125825e-17	4.649058915617874e-16	6.938893903907308e-16	4.718447854656978e-16	1.665334536937764e-16	2.567390744445723e-16	1.3877787807814753e-16	-5.551115123125895e-17	2.498001805406656e-16	1.942890293094064e-16	-1.6653345369377757e-16	-3.469446951953713e-16	4.996003610813357e-16	7.494005416220065e-16	1.1622647289045046e-16
0.9999999999999999	0.9999999999999982	0.999999999999994	0.999999999999991	0.9999999999999876	0.9999999999999833	0.9999999999999809	0.9999999999999761	0.9999999999999714	0.9999999999999691	0.9999999999999665	0.9999999999999576	0.9999999999999496	0.9999999999999479	0.999999999999947	0.9999999999999394	0.9999999999999378	0.9999999999999347	0.9999999999999304	0.9999999999999254
0.0	-2.220446049250317e-16	-9.714451465470178e-17	1.6653345369377498e-16	-2.775557561562926e-17	-1.110223024625175e-16	-1.1102230246251777e-16	-2.775557561562958e-17	-5.967448757360387e-16	2.498001805406679e-16	-1.5265566588596415e-16	-9.714451465470531e-17	6.938893903907578e-17	-6.661338147751286e-16	-6.938893903907596e-17	8.32667268468918e-17	-8.326672684689192e-17	-1.3877787807815364e-16	-2.0122792321332363e-16	-1.4918621893401655e-16
0.9999999999999999	0.9999999999999982	0.999999999999994	0.999999999999991	0.9999999999999876	0.9999999999999833	0.9999999999999809	0.9999999999999761	0.9999999999999714	0.9999999999999691	0.9999999999999665	0.9999999999999576	0.9999999999999496	0.9999999999999479	0.999999999999947	0.9999999999999394	0.9999999999999378	0.9999999999999347	0.9999999999999304	0.9999999999999254
0.0	-2.220446049250317e-16	-9.714451465470178e-17	1.6653345369377498e-16	-2.775557561562926e-17	-1.110223024625175e-16	-1.1102230246251777e-16	-2.775557561562958e-17	-5.967448757360387e-16	2.498001805406679e-16	-1.5265566588596415e-16	-9.714451465470531e-17	6.938893903907578e-17	-6.661338147751286e-16	-6.938893903907596e-17	8.32667268468918e-17	-8.326672684689192e-17	-1.3877787807815364e-16	-2.0122792321332363e-16	-1.4918621893401655e-16
0.9999999999999999	0.9999999999999982	0.999999999999994	0.999999999999991	0.9999999999999876	0.9999999999999833	0.9999999999999809	0.9999999999999761	0.9999999999999714	0.9999999999999691	0.9999999999999665	0.9999999999999576	0.9999999999999496	0.9999999999999479	0.999999999999947	0.9999999999999394	0.9999999999999378	0.9999999999999347	0.9999999999999304	0.9999999999999254
0.0	-2.220446049250317e-16	-9.714451465470178e-17	1.6653345369377498e-16	-2.775557561562926e-17	-1.110223024625175e-16	-1.1102230246251777e-16	-2.775557561562958e-17	-5.967448757360387e-16	2.498001805406679e-16	-1.5265566588596415e-16	-9.714451465470531e-17	6.938893903907578e-17	-6.661338147751286e-16	-6.938893903907596e-17	8.32667268468918e-17	-8.326672684689192e-17	-1.3877787807815364e-16	-2.0122792321332363e-16	-1.4918621893401655e-16
0.9999999999999999	1.0000000000000069	1.000000000000009	1.0000000000000115	1.0000000000000158	1.000000000000021	1.0000000000000238	1.0000000000000284	1.0000000000000315	1.0000000000000338	1.000000000000043	1.0000000000000484	1.0000000000000513	1.000000000000057	1.0000000000000613	1.0000000000000653	1.000000000000069	1.0000000000000715	1.0000000000000782	1.0000000000000822
0.0	-2.775557561562872e-16	-2.9143354396410093e-16	-3.6082248300317173e-16	-3.608224830031702e-16	1.6653345369376998e-16	0.0	1.3877787807814062e-16	2.7755575615628038e-17	2.7755575615627977e-17	-1.387778780781386e-16	3.0531133177190326e-16	-1.1102230246250996e-16	1.3877787807813665e-16	3.88578058618781e-16	-1.9428902930938972e-16	1.66533453693762e-16	5.551115123125386e-17	2.498001805406407e-16	-2.7755575615626633e-17
0.9999999999999999	1.0000000000000069	1.000000000000009	1.0000000000000115	1.0000000000000158	1.000000000000021	1.0000000000000238	1.0000000000000284	1.0000000000000315	1.0000000000000338	1.000000000000043	1.0000000000000484	1.0000000000000513	1.000000000000057	1.0000000000000613	1.0000000000000653	1.000000000000069	1.0000000000000715	1.0000000000000782	1.0000000000000822
0.0	-2.775557561562872e-16	-2.9143354396410093e-16	-3.6082248300317173e-16	-3.608224830031702e-16	1.6653345369376998e-16	0.0	1.3877787807814062e-16	2.7755575615628038e-17	2.7755575615627977e-17	-1.387778780781386e-16	3.0531133177190326e-16	-1.1102230246250996e-16	1.3877787807813665e-16	3.88578058618781e-16	-1.9428902930938972e-16	1.66533453693762e-16	5.551115123125386e-17	2.498001805406407e-16	-2.7755575615626633e-17
0.9999999999999999	1.0000000000000069	1.000000000000009	1.0000000000000115	1.0000000000000158	1.000000000000021	1.0000000000000238	1.0000000000000284	1.0000000000000315	1.0000000000000338	1.000000000000043	1.0000000000000484	1.0000000000000513	1.000000000000057	1.0000000000000613	1.0000000000000653	1.000000000000069	1.0000000000000715	1.0000000000000782	1.0000000000000822
0.0	-2.775557561562872e-16	-2.9143354396410093e-16	-3.6082248300317173e-16	-3.608224830031702e-16	1.6653345369376998e-16	0.0	1.3877787807814062e-16	2.7755575615628038e-17	2.7755575615627977e-17	-1.387778780781386e-16	3.0531133177190326e-16	-1.1102230246250996e-16	1.3877787807813665e-16	3.88578058618781e-16	-1.9428902930938972e-16	1.66533453693762e-16	5.551115123125386e-17	2.498001805406407e-16	-2.7755575615626633e-17
